(kicad_pcb (version 20171130) (host pcbnew "(5.1.7)-1")

  (general
    (thickness 1.6)
    (drawings 20)
    (tracks 1368)
    (zones 0)
    (modules 175)
    (nets 163)
  )

  (page A4)
  (layers
    (0 F.Cu signal)
    (1 In1.Cu power)
    (2 In2.Cu power)
    (31 B.Cu signal)
    (32 B.Adhes user)
    (33 F.Adhes user)
    (34 B.Paste user)
    (35 F.Paste user)
    (36 B.SilkS user)
    (37 F.SilkS user)
    (38 B.Mask user)
    (39 F.Mask user)
    (40 Dwgs.User user)
    (41 Cmts.User user)
    (42 Eco1.User user)
    (43 Eco2.User user)
    (44 Edge.Cuts user)
    (45 Margin user)
    (46 B.CrtYd user)
    (47 F.CrtYd user)
    (48 B.Fab user hide)
    (49 F.Fab user hide)
  )

  (setup
    (last_trace_width 0.2)
    (user_trace_width 0.2)
    (user_trace_width 0.5)
    (user_trace_width 0.75)
    (user_trace_width 1)
    (trace_clearance 0.2)
    (zone_clearance 0.508)
    (zone_45_only no)
    (trace_min 0.2)
    (via_size 0.8)
    (via_drill 0.4)
    (via_min_size 0.4)
    (via_min_drill 0.3)
    (user_via 0.6 0.3)
    (user_via 0.8 0.4)
    (uvia_size 0.3)
    (uvia_drill 0.1)
    (uvias_allowed no)
    (uvia_min_size 0.2)
    (uvia_min_drill 0.1)
    (edge_width 0.05)
    (segment_width 0.2)
    (pcb_text_width 0.3)
    (pcb_text_size 1.5 1.5)
    (mod_edge_width 0.12)
    (mod_text_size 1 1)
    (mod_text_width 0.15)
    (pad_size 6.4 6.4)
    (pad_drill 3.200001)
    (pad_to_mask_clearance 0)
    (aux_axis_origin 0 0)
    (visible_elements 7FFFFFFF)
    (pcbplotparams
      (layerselection 0x010fc_ffffffff)
      (usegerberextensions false)
      (usegerberattributes true)
      (usegerberadvancedattributes true)
      (creategerberjobfile true)
      (excludeedgelayer true)
      (linewidth 0.100000)
      (plotframeref false)
      (viasonmask false)
      (mode 1)
      (useauxorigin false)
      (hpglpennumber 1)
      (hpglpenspeed 20)
      (hpglpendiameter 15.000000)
      (psnegative false)
      (psa4output false)
      (plotreference true)
      (plotvalue true)
      (plotinvisibletext false)
      (padsonsilk false)
      (subtractmaskfromsilk false)
      (outputformat 1)
      (mirror false)
      (drillshape 1)
      (scaleselection 1)
      (outputdirectory ""))
  )

  (net 0 "")
  (net 1 GND)
  (net 2 +3V3)
  (net 3 /NRST)
  (net 4 "Net-(C18-Pad1)")
  (net 5 "Net-(C19-Pad1)")
  (net 6 "Net-(J1-Pad2)")
  (net 7 "Net-(R1-Pad1)")
  (net 8 /USB_VBUS)
  (net 9 "Net-(FB1-Pad1)")
  (net 10 /JTDO)
  (net 11 /JTCK)
  (net 12 /JTMS)
  (net 13 /JTDI)
  (net 14 /JNTRST)
  (net 15 /VBUS_SENSE)
  (net 16 /USB_D+)
  (net 17 /USB_D-)
  (net 18 /D-)
  (net 19 /D+)
  (net 20 /UART8_TX)
  (net 21 /UART8_RX)
  (net 22 /USART2_RX)
  (net 23 /USART2_TX)
  (net 24 /UART5_RX)
  (net 25 /UART5_TX)
  (net 26 /UART4_TX)
  (net 27 /UART4_RX)
  (net 28 /USART6_RX)
  (net 29 /USART6_TX)
  (net 30 /USART3_RX)
  (net 31 /USART1_RX)
  (net 32 /USART1_TX)
  (net 33 /ETH_TXD1)
  (net 34 /ETH_TXD0)
  (net 35 /ETH_TX_EN)
  (net 36 /USART3_TX)
  (net 37 /ETH_RXD1)
  (net 38 /ETH_RXD0)
  (net 39 /ETH_MDIO)
  (net 40 /ETH_REF_CLK)
  (net 41 /ETH_MDC)
  (net 42 /UART7_TX)
  (net 43 /UART7_RX)
  (net 44 "Net-(C20-Pad2)")
  (net 45 "Net-(C24-Pad1)")
  (net 46 "Net-(C25-Pad1)")
  (net 47 "Net-(C26-Pad1)")
  (net 48 "Net-(C29-Pad1)")
  (net 49 "Net-(C30-Pad1)")
  (net 50 /ETH_RD-)
  (net 51 /ETH_RD+)
  (net 52 /ETH_TD-)
  (net 53 /ETH_TD+)
  (net 54 "Net-(C32-Pad1)")
  (net 55 "Net-(R6-Pad1)")
  (net 56 /ETH_RXD3)
  (net 57 /ETH_RXD2)
  (net 58 /ETH_RX_DV)
  (net 59 /ETH_COL)
  (net 60 /ETH_RX_CLK)
  (net 61 /ETH_CRS)
  (net 62 /ETH_TX_CLK)
  (net 63 /ETH_TXD2)
  (net 64 /ETH_TXD3)
  (net 65 +5V)
  (net 66 /LINK1_B)
  (net 67 /LINK1_A)
  (net 68 /LINK1_Z)
  (net 69 /LINK1_Y)
  (net 70 /LINK2_Y)
  (net 71 /LINK2_Z)
  (net 72 /LINK2_A)
  (net 73 /LINK2_B)
  (net 74 /LINK3_A)
  (net 75 /LINK3_B)
  (net 76 /LINK4_B)
  (net 77 /LINK4_A)
  (net 78 /LINK4_Z)
  (net 79 /LINK4_Y)
  (net 80 /LINK3_Z)
  (net 81 /LINK3_Y)
  (net 82 /LINK6_Z)
  (net 83 /LINK6_Y)
  (net 84 /LINK6_B)
  (net 85 /LINK6_A)
  (net 86 /LINK5_B)
  (net 87 /LINK5_A)
  (net 88 /LINK5_Z)
  (net 89 /LINK5_Y)
  (net 90 /LINK7_Y)
  (net 91 /LINK7_Z)
  (net 92 /LINK7_A)
  (net 93 /LINK7_B)
  (net 94 /LINK8_A)
  (net 95 /LINK8_B)
  (net 96 /LINK8_Y)
  (net 97 /LINK8_Z)
  (net 98 /I2C4_SCL)
  (net 99 /I2C4_SDA)
  (net 100 "Net-(U1-Pad23)")
  (net 101 "Net-(FB6-Pad2)")
  (net 102 "Net-(FB7-Pad2)")
  (net 103 "Net-(FB8-Pad2)")
  (net 104 /I2C1_SCL)
  (net 105 /I2C1_SDA)
  (net 106 /I2C2_SDA)
  (net 107 /I2C2_SCL)
  (net 108 "Net-(Q1-Pad1)")
  (net 109 "Net-(Q1-Pad3)")
  (net 110 "Net-(Q2-Pad1)")
  (net 111 "Net-(Q2-Pad3)")
  (net 112 "Net-(Q3-Pad1)")
  (net 113 "Net-(Q3-Pad3)")
  (net 114 "Net-(Q4-Pad1)")
  (net 115 "Net-(Q4-Pad3)")
  (net 116 "Net-(Q5-Pad1)")
  (net 117 "Net-(Q6-Pad1)")
  (net 118 "Net-(Q7-Pad1)")
  (net 119 "Net-(Q8-Pad1)")
  (net 120 "Net-(Q9-Pad1)")
  (net 121 "Net-(Q9-Pad3)")
  (net 122 "Net-(Q10-Pad1)")
  (net 123 "Net-(Q10-Pad3)")
  (net 124 "Net-(Q11-Pad1)")
  (net 125 "Net-(Q11-Pad3)")
  (net 126 "Net-(Q12-Pad1)")
  (net 127 "Net-(Q12-Pad3)")
  (net 128 "Net-(Q13-Pad1)")
  (net 129 "Net-(Q14-Pad1)")
  (net 130 "Net-(Q15-Pad1)")
  (net 131 "Net-(Q16-Pad1)")
  (net 132 "Net-(J4-Pad2)")
  (net 133 PWR1)
  (net 134 PWR2)
  (net 135 PWR3)
  (net 136 PWR4)
  (net 137 PWR5)
  (net 138 PWR6)
  (net 139 PWR7)
  (net 140 PWR8)
  (net 141 "Net-(C50-Pad1)")
  (net 142 "Net-(C51-Pad1)")
  (net 143 "Net-(C52-Pad1)")
  (net 144 "Net-(C53-Pad1)")
  (net 145 "Net-(C54-Pad1)")
  (net 146 "Net-(C55-Pad1)")
  (net 147 "Net-(C56-Pad1)")
  (net 148 "Net-(C57-Pad1)")
  (net 149 "Net-(C58-Pad1)")
  (net 150 "Net-(J5-Pad6)")
  (net 151 "Net-(J5-Pad5)")
  (net 152 "Net-(J5-Pad4)")
  (net 153 "Net-(J5-Pad3)")
  (net 154 "Net-(J5-Pad2)")
  (net 155 "Net-(J5-Pad1)")
  (net 156 /LEDSTATUS)
  (net 157 /JACK_YEL_CATH)
  (net 158 /JACK_GRN_CATH)
  (net 159 "Net-(J14-Pad2)")
  (net 160 "Net-(J15-Pad2)")
  (net 161 /ETH_LED0)
  (net 162 /ETH_LED1)

  (net_class Default "This is the default net class."
    (clearance 0.2)
    (trace_width 0.25)
    (via_dia 0.8)
    (via_drill 0.4)
    (uvia_dia 0.3)
    (uvia_drill 0.1)
    (add_net +3V3)
    (add_net +5V)
    (add_net /D+)
    (add_net /D-)
    (add_net /ETH_COL)
    (add_net /ETH_CRS)
    (add_net /ETH_LED0)
    (add_net /ETH_LED1)
    (add_net /ETH_MDC)
    (add_net /ETH_MDIO)
    (add_net /ETH_RD+)
    (add_net /ETH_RD-)
    (add_net /ETH_REF_CLK)
    (add_net /ETH_RXD0)
    (add_net /ETH_RXD1)
    (add_net /ETH_RXD2)
    (add_net /ETH_RXD3)
    (add_net /ETH_RX_CLK)
    (add_net /ETH_RX_DV)
    (add_net /ETH_TD+)
    (add_net /ETH_TD-)
    (add_net /ETH_TXD0)
    (add_net /ETH_TXD1)
    (add_net /ETH_TXD2)
    (add_net /ETH_TXD3)
    (add_net /ETH_TX_CLK)
    (add_net /ETH_TX_EN)
    (add_net /I2C1_SCL)
    (add_net /I2C1_SDA)
    (add_net /I2C2_SCL)
    (add_net /I2C2_SDA)
    (add_net /I2C4_SCL)
    (add_net /I2C4_SDA)
    (add_net /JACK_GRN_CATH)
    (add_net /JACK_YEL_CATH)
    (add_net /JNTRST)
    (add_net /JTCK)
    (add_net /JTDI)
    (add_net /JTDO)
    (add_net /JTMS)
    (add_net /LEDSTATUS)
    (add_net /LINK1_A)
    (add_net /LINK1_B)
    (add_net /LINK1_Y)
    (add_net /LINK1_Z)
    (add_net /LINK2_A)
    (add_net /LINK2_B)
    (add_net /LINK2_Y)
    (add_net /LINK2_Z)
    (add_net /LINK3_A)
    (add_net /LINK3_B)
    (add_net /LINK3_Y)
    (add_net /LINK3_Z)
    (add_net /LINK4_A)
    (add_net /LINK4_B)
    (add_net /LINK4_Y)
    (add_net /LINK4_Z)
    (add_net /LINK5_A)
    (add_net /LINK5_B)
    (add_net /LINK5_Y)
    (add_net /LINK5_Z)
    (add_net /LINK6_A)
    (add_net /LINK6_B)
    (add_net /LINK6_Y)
    (add_net /LINK6_Z)
    (add_net /LINK7_A)
    (add_net /LINK7_B)
    (add_net /LINK7_Y)
    (add_net /LINK7_Z)
    (add_net /LINK8_A)
    (add_net /LINK8_B)
    (add_net /LINK8_Y)
    (add_net /LINK8_Z)
    (add_net /NRST)
    (add_net /UART4_RX)
    (add_net /UART4_TX)
    (add_net /UART5_RX)
    (add_net /UART5_TX)
    (add_net /UART7_RX)
    (add_net /UART7_TX)
    (add_net /UART8_RX)
    (add_net /UART8_TX)
    (add_net /USART1_RX)
    (add_net /USART1_TX)
    (add_net /USART2_RX)
    (add_net /USART2_TX)
    (add_net /USART3_RX)
    (add_net /USART3_TX)
    (add_net /USART6_RX)
    (add_net /USART6_TX)
    (add_net /USB_D+)
    (add_net /USB_D-)
    (add_net /USB_VBUS)
    (add_net /VBUS_SENSE)
    (add_net GND)
    (add_net "Net-(C18-Pad1)")
    (add_net "Net-(C19-Pad1)")
    (add_net "Net-(C20-Pad2)")
    (add_net "Net-(C24-Pad1)")
    (add_net "Net-(C25-Pad1)")
    (add_net "Net-(C26-Pad1)")
    (add_net "Net-(C29-Pad1)")
    (add_net "Net-(C30-Pad1)")
    (add_net "Net-(C32-Pad1)")
    (add_net "Net-(C50-Pad1)")
    (add_net "Net-(C51-Pad1)")
    (add_net "Net-(C52-Pad1)")
    (add_net "Net-(C53-Pad1)")
    (add_net "Net-(C54-Pad1)")
    (add_net "Net-(C55-Pad1)")
    (add_net "Net-(C56-Pad1)")
    (add_net "Net-(C57-Pad1)")
    (add_net "Net-(C58-Pad1)")
    (add_net "Net-(FB1-Pad1)")
    (add_net "Net-(FB6-Pad2)")
    (add_net "Net-(FB7-Pad2)")
    (add_net "Net-(FB8-Pad2)")
    (add_net "Net-(J1-Pad2)")
    (add_net "Net-(J14-Pad2)")
    (add_net "Net-(J15-Pad2)")
    (add_net "Net-(J4-Pad2)")
    (add_net "Net-(J5-Pad1)")
    (add_net "Net-(J5-Pad2)")
    (add_net "Net-(J5-Pad3)")
    (add_net "Net-(J5-Pad4)")
    (add_net "Net-(J5-Pad5)")
    (add_net "Net-(J5-Pad6)")
    (add_net "Net-(Q1-Pad1)")
    (add_net "Net-(Q1-Pad3)")
    (add_net "Net-(Q10-Pad1)")
    (add_net "Net-(Q10-Pad3)")
    (add_net "Net-(Q11-Pad1)")
    (add_net "Net-(Q11-Pad3)")
    (add_net "Net-(Q12-Pad1)")
    (add_net "Net-(Q12-Pad3)")
    (add_net "Net-(Q13-Pad1)")
    (add_net "Net-(Q14-Pad1)")
    (add_net "Net-(Q15-Pad1)")
    (add_net "Net-(Q16-Pad1)")
    (add_net "Net-(Q2-Pad1)")
    (add_net "Net-(Q2-Pad3)")
    (add_net "Net-(Q3-Pad1)")
    (add_net "Net-(Q3-Pad3)")
    (add_net "Net-(Q4-Pad1)")
    (add_net "Net-(Q4-Pad3)")
    (add_net "Net-(Q5-Pad1)")
    (add_net "Net-(Q6-Pad1)")
    (add_net "Net-(Q7-Pad1)")
    (add_net "Net-(Q8-Pad1)")
    (add_net "Net-(Q9-Pad1)")
    (add_net "Net-(Q9-Pad3)")
    (add_net "Net-(R1-Pad1)")
    (add_net "Net-(R6-Pad1)")
    (add_net "Net-(U1-Pad23)")
    (add_net PWR1)
    (add_net PWR2)
    (add_net PWR3)
    (add_net PWR4)
    (add_net PWR5)
    (add_net PWR6)
    (add_net PWR7)
    (add_net PWR8)
  )

  (module footprints:J1B1211111CCD (layer F.Cu) (tedit 5FD2A922) (tstamp 5FD2B489)
    (at 198.882 115.57 90)
    (tags RJ45)
    (path /60586DB9)
    (fp_text reference J6 (at 4.7 11.18 90) (layer F.SilkS)
      (effects (font (size 1 1) (thickness 0.15)))
    )
    (fp_text value Magjack (at 4.59 6.25 90) (layer F.Fab)
      (effects (font (size 1 1) (thickness 0.15)))
    )
    (fp_line (start -3.17 14.22) (end 12.07 14.22) (layer F.SilkS) (width 0.12))
    (fp_line (start 12.07 -3.81) (end 12.06 5.18) (layer F.SilkS) (width 0.12))
    (fp_line (start 12.07 -3.81) (end -3.17 -3.81) (layer F.SilkS) (width 0.12))
    (fp_line (start -3.17 -3.81) (end -3.17 5.19) (layer F.SilkS) (width 0.12))
    (fp_line (start 12.06 7.52) (end 12.07 14.22) (layer F.SilkS) (width 0.12))
    (fp_line (start -3.17 7.51) (end -3.17 14.22) (layer F.SilkS) (width 0.12))
    (fp_line (start -3.56 -4.06) (end 12.46 -4.06) (layer F.CrtYd) (width 0.05))
    (fp_line (start -3.56 -4.06) (end -3.56 14.47) (layer F.CrtYd) (width 0.05))
    (fp_line (start 12.46 14.47) (end 12.46 -4.06) (layer F.CrtYd) (width 0.05))
    (fp_line (start 12.46 14.47) (end -3.56 14.47) (layer F.CrtYd) (width 0.05))
    (pad 8 thru_hole circle (at 8.89 -2.54 90) (size 1.5 1.5) (drill 0.9) (layers *.Cu *.Mask)
      (net 1 GND))
    (pad 7 thru_hole circle (at 7.62 0 90) (size 1.5 1.5) (drill 0.9) (layers *.Cu *.Mask))
    (pad 6 thru_hole circle (at 6.35 -2.54 90) (size 1.5 1.5) (drill 0.9) (layers *.Cu *.Mask)
      (net 50 /ETH_RD-))
    (pad 5 thru_hole circle (at 5.08 0 90) (size 1.5 1.5) (drill 0.9) (layers *.Cu *.Mask)
      (net 49 "Net-(C30-Pad1)"))
    (pad 4 thru_hole circle (at 3.81 -2.54 90) (size 1.5 1.5) (drill 0.9) (layers *.Cu *.Mask)
      (net 51 /ETH_RD+))
    (pad 3 thru_hole circle (at 2.54 0 90) (size 1.5 1.5) (drill 0.9) (layers *.Cu *.Mask)
      (net 52 /ETH_TD-))
    (pad 2 thru_hole circle (at 1.27 -2.54 90) (size 1.5 1.5) (drill 0.9) (layers *.Cu *.Mask)
      (net 49 "Net-(C30-Pad1)"))
    (pad 1 thru_hole rect (at 0 0 90) (size 1.5 1.5) (drill 0.9) (layers *.Cu *.Mask)
      (net 53 /ETH_TD+))
    (pad "" np_thru_hole circle (at -1.27 6.35 90) (size 3.65 3.65) (drill 3.25) (layers *.Cu *.SilkS *.Mask))
    (pad "" np_thru_hole circle (at 10.16 6.35 90) (size 3.65 3.65) (drill 3.25) (layers *.Cu *.SilkS *.Mask))
    (pad SH thru_hole circle (at -3.43 3.3 90) (size 2.2 2.2) (drill 1.6) (layers *.Cu *.Mask)
      (net 48 "Net-(C29-Pad1)"))
    (pad SH thru_hole circle (at 12.32 3.3 90) (size 2.2 2.2) (drill 1.6) (layers *.Cu *.Mask)
      (net 48 "Net-(C29-Pad1)"))
    (pad 11 thru_hole circle (at 8.23 11.43 90) (size 1.62 1.62) (drill 1.02) (layers *.Cu *.Mask)
      (net 157 /JACK_YEL_CATH))
    (pad 10 thru_hole circle (at 0.66 9.73 90) (size 1.62 1.62) (drill 1.02) (layers *.Cu *.Mask)
      (net 2 +3V3))
    (pad 9 thru_hole circle (at -1.88 11.43 90) (size 1.62 1.62) (drill 1.02) (layers *.Cu *.Mask)
      (net 158 /JACK_GRN_CATH))
    (pad 12 thru_hole circle (at 10.77 9.73 90) (size 1.62 1.62) (drill 1.02) (layers *.Cu *.Mask)
      (net 2 +3V3))
    (model ${KISYS3DMOD}/Connectors.3dshapes/RJ45_8.wrl
      (offset (xyz 4.571999931335449 -6.349999904632568 0))
      (scale (xyz 0.4 0.4 0.4))
      (rotate (xyz 0 0 0))
    )
  )

  (module Connectors_Terminal_Blocks:TerminalBlock_bornier-2_P5.08mm (layer F.Cu) (tedit 59FF03AB) (tstamp 5FD70865)
    (at 207.518 51.816 180)
    (descr "simple 2-pin terminal block, pitch 5.08mm, revamped version of bornier2")
    (tags "terminal block bornier2")
    (path /5FDF6CF5/612457B2)
    (fp_text reference J4 (at -4.064 -4.064) (layer F.SilkS)
      (effects (font (size 1 1) (thickness 0.15)))
    )
    (fp_text value "5V Input" (at 2.54 5.08) (layer F.Fab)
      (effects (font (size 1 1) (thickness 0.15)))
    )
    (fp_line (start -2.41 2.55) (end 7.49 2.55) (layer F.Fab) (width 0.1))
    (fp_line (start -2.46 -3.75) (end -2.46 3.75) (layer F.Fab) (width 0.1))
    (fp_line (start -2.46 3.75) (end 7.54 3.75) (layer F.Fab) (width 0.1))
    (fp_line (start 7.54 3.75) (end 7.54 -3.75) (layer F.Fab) (width 0.1))
    (fp_line (start 7.54 -3.75) (end -2.46 -3.75) (layer F.Fab) (width 0.1))
    (fp_line (start 7.62 2.54) (end -2.54 2.54) (layer F.SilkS) (width 0.12))
    (fp_line (start 7.62 3.81) (end 7.62 -3.81) (layer F.SilkS) (width 0.12))
    (fp_line (start 7.62 -3.81) (end -2.54 -3.81) (layer F.SilkS) (width 0.12))
    (fp_line (start -2.54 -3.81) (end -2.54 3.81) (layer F.SilkS) (width 0.12))
    (fp_line (start -2.54 3.81) (end 7.62 3.81) (layer F.SilkS) (width 0.12))
    (fp_line (start -2.71 -4) (end 7.79 -4) (layer F.CrtYd) (width 0.05))
    (fp_line (start -2.71 -4) (end -2.71 4) (layer F.CrtYd) (width 0.05))
    (fp_line (start 7.79 4) (end 7.79 -4) (layer F.CrtYd) (width 0.05))
    (fp_line (start 7.79 4) (end -2.71 4) (layer F.CrtYd) (width 0.05))
    (fp_text user %R (at 2.54 0) (layer F.Fab)
      (effects (font (size 1 1) (thickness 0.15)))
    )
    (pad 2 thru_hole circle (at 5.08 0 180) (size 3 3) (drill 1.52) (layers *.Cu *.Mask)
      (net 132 "Net-(J4-Pad2)"))
    (pad 1 thru_hole rect (at 0 0 180) (size 3 3) (drill 1.52) (layers *.Cu *.Mask)
      (net 1 GND))
    (model ${KISYS3DMOD}/Terminal_Blocks.3dshapes/TerminalBlock_bornier-2_P5.08mm.wrl
      (offset (xyz 2.539999961853027 0 0))
      (scale (xyz 1 1 1))
      (rotate (xyz 0 0 0))
    )
  )

  (module footprints:RJ45_DOUBLE (layer F.Cu) (tedit 5FD30312) (tstamp 5FD342A6)
    (at 87.63 49.53 270)
    (tags RJ45)
    (path /63B2BEF0)
    (fp_text reference J7 (at -1.905 -12.065 180) (layer F.SilkS)
      (effects (font (size 1 1) (thickness 0.15)))
    )
    (fp_text value 8P8CDouble (at 4.59 6.25 90) (layer F.Fab)
      (effects (font (size 1 1) (thickness 0.15)))
    )
    (fp_line (start 12.46 17.1) (end -3.56 17.1) (layer F.CrtYd) (width 0.05))
    (fp_line (start 12.46 17.1) (end 12.46 -11.1) (layer F.CrtYd) (width 0.05))
    (fp_line (start -3.56 -11.1) (end -3.56 17.1) (layer F.CrtYd) (width 0.05))
    (fp_line (start -3.56 -11.1) (end 12.46 -11.1) (layer F.CrtYd) (width 0.05))
    (fp_line (start -3.17 7.51) (end -3.17 16.85) (layer F.SilkS) (width 0.12))
    (fp_line (start 12.06 7.52) (end 12.07 16.85) (layer F.SilkS) (width 0.12))
    (fp_line (start -3.17 -10.85) (end -3.17 5.19) (layer F.SilkS) (width 0.12))
    (fp_line (start 12.07 -10.85) (end -3.17 -10.85) (layer F.SilkS) (width 0.12))
    (fp_line (start 12.07 -10.85) (end 12.06 5.18) (layer F.SilkS) (width 0.12))
    (fp_line (start -3.17 16.85) (end 12.07 16.85) (layer F.SilkS) (width 0.12))
    (pad 15 thru_hole circle (at 1.27 -9.14 90) (size 1.5 1.5) (drill 0.9) (layers *.Cu *.Mask)
      (net 71 /LINK2_Z))
    (pad 16 thru_hole circle (at 0 -6.6 90) (size 1.5 1.5) (drill 0.9) (layers *.Cu *.Mask)
      (net 70 /LINK2_Y))
    (pad 9 thru_hole rect (at 8.89 -9.14 90) (size 1.5 1.5) (drill 0.9) (layers *.Cu *.Mask)
      (net 73 /LINK2_B))
    (pad 13 thru_hole circle (at 3.81 -9.14 90) (size 1.5 1.5) (drill 0.9) (layers *.Cu *.Mask)
      (net 134 PWR2))
    (pad 12 thru_hole circle (at 5.08 -6.6 90) (size 1.5 1.5) (drill 0.9) (layers *.Cu *.Mask)
      (net 1 GND))
    (pad 11 thru_hole circle (at 6.35 -9.14 90) (size 1.5 1.5) (drill 0.9) (layers *.Cu *.Mask)
      (net 134 PWR2))
    (pad 10 thru_hole circle (at 7.62 -6.6 90) (size 1.5 1.5) (drill 0.9) (layers *.Cu *.Mask)
      (net 72 /LINK2_A))
    (pad 14 thru_hole circle (at 2.54 -6.6 90) (size 1.5 1.5) (drill 0.9) (layers *.Cu *.Mask)
      (net 1 GND))
    (pad "" np_thru_hole circle (at 10.16 6.35 270) (size 3.6 3.6) (drill 3.2) (layers *.Cu *.SilkS *.Mask))
    (pad "" np_thru_hole circle (at -1.27 6.35 270) (size 3.6 3.6) (drill 3.2) (layers *.Cu *.SilkS *.Mask))
    (pad 1 thru_hole rect (at 0 0 270) (size 1.5 1.5) (drill 0.9) (layers *.Cu *.Mask)
      (net 66 /LINK1_B))
    (pad 2 thru_hole circle (at 1.27 -2.54 270) (size 1.5 1.5) (drill 0.9) (layers *.Cu *.Mask)
      (net 67 /LINK1_A))
    (pad 3 thru_hole circle (at 2.54 0 270) (size 1.5 1.5) (drill 0.9) (layers *.Cu *.Mask)
      (net 133 PWR1))
    (pad 4 thru_hole circle (at 3.81 -2.54 270) (size 1.5 1.5) (drill 0.9) (layers *.Cu *.Mask)
      (net 1 GND))
    (pad 5 thru_hole circle (at 5.08 0 270) (size 1.5 1.5) (drill 0.9) (layers *.Cu *.Mask)
      (net 133 PWR1))
    (pad 6 thru_hole circle (at 6.35 -2.54 270) (size 1.5 1.5) (drill 0.9) (layers *.Cu *.Mask)
      (net 1 GND))
    (pad 7 thru_hole circle (at 7.62 0 270) (size 1.5 1.5) (drill 0.9) (layers *.Cu *.Mask)
      (net 68 /LINK1_Z))
    (pad 8 thru_hole circle (at 8.89 -2.54 270) (size 1.5 1.5) (drill 0.9) (layers *.Cu *.Mask)
      (net 69 /LINK1_Y))
    (model ${KISYS3DMOD}/Connectors.3dshapes/RJ45_8.wrl
      (offset (xyz 4.571999931335449 -6.349999904632568 0))
      (scale (xyz 0.4 0.4 0.4))
      (rotate (xyz 0 0 0))
    )
  )

  (module footprints:RJ45_DOUBLE (layer F.Cu) (tedit 5FD30312) (tstamp 5FD346EC)
    (at 87.63 119.38 270)
    (tags RJ45)
    (path /644DBE70)
    (fp_text reference J10 (at 10.795 -12.7 180) (layer F.SilkS)
      (effects (font (size 1 1) (thickness 0.15)))
    )
    (fp_text value 8P8CDouble (at 4.59 6.25 90) (layer F.Fab)
      (effects (font (size 1 1) (thickness 0.15)))
    )
    (fp_line (start -3.17 16.85) (end 12.07 16.85) (layer F.SilkS) (width 0.12))
    (fp_line (start 12.07 -10.85) (end 12.06 5.18) (layer F.SilkS) (width 0.12))
    (fp_line (start 12.07 -10.85) (end -3.17 -10.85) (layer F.SilkS) (width 0.12))
    (fp_line (start -3.17 -10.85) (end -3.17 5.19) (layer F.SilkS) (width 0.12))
    (fp_line (start 12.06 7.52) (end 12.07 16.85) (layer F.SilkS) (width 0.12))
    (fp_line (start -3.17 7.51) (end -3.17 16.85) (layer F.SilkS) (width 0.12))
    (fp_line (start -3.56 -11.1) (end 12.46 -11.1) (layer F.CrtYd) (width 0.05))
    (fp_line (start -3.56 -11.1) (end -3.56 17.1) (layer F.CrtYd) (width 0.05))
    (fp_line (start 12.46 17.1) (end 12.46 -11.1) (layer F.CrtYd) (width 0.05))
    (fp_line (start 12.46 17.1) (end -3.56 17.1) (layer F.CrtYd) (width 0.05))
    (pad 8 thru_hole circle (at 8.89 -2.54 270) (size 1.5 1.5) (drill 0.9) (layers *.Cu *.Mask)
      (net 90 /LINK7_Y))
    (pad 7 thru_hole circle (at 7.62 0 270) (size 1.5 1.5) (drill 0.9) (layers *.Cu *.Mask)
      (net 91 /LINK7_Z))
    (pad 6 thru_hole circle (at 6.35 -2.54 270) (size 1.5 1.5) (drill 0.9) (layers *.Cu *.Mask)
      (net 1 GND))
    (pad 5 thru_hole circle (at 5.08 0 270) (size 1.5 1.5) (drill 0.9) (layers *.Cu *.Mask)
      (net 139 PWR7))
    (pad 4 thru_hole circle (at 3.81 -2.54 270) (size 1.5 1.5) (drill 0.9) (layers *.Cu *.Mask)
      (net 1 GND))
    (pad 3 thru_hole circle (at 2.54 0 270) (size 1.5 1.5) (drill 0.9) (layers *.Cu *.Mask)
      (net 139 PWR7))
    (pad 2 thru_hole circle (at 1.27 -2.54 270) (size 1.5 1.5) (drill 0.9) (layers *.Cu *.Mask)
      (net 92 /LINK7_A))
    (pad 1 thru_hole rect (at 0 0 270) (size 1.5 1.5) (drill 0.9) (layers *.Cu *.Mask)
      (net 93 /LINK7_B))
    (pad "" np_thru_hole circle (at -1.27 6.35 270) (size 3.6 3.6) (drill 3.2) (layers *.Cu *.SilkS *.Mask))
    (pad "" np_thru_hole circle (at 10.16 6.35 270) (size 3.6 3.6) (drill 3.2) (layers *.Cu *.SilkS *.Mask))
    (pad 14 thru_hole circle (at 2.54 -6.6 90) (size 1.5 1.5) (drill 0.9) (layers *.Cu *.Mask)
      (net 1 GND))
    (pad 10 thru_hole circle (at 7.62 -6.6 90) (size 1.5 1.5) (drill 0.9) (layers *.Cu *.Mask)
      (net 94 /LINK8_A))
    (pad 11 thru_hole circle (at 6.35 -9.14 90) (size 1.5 1.5) (drill 0.9) (layers *.Cu *.Mask)
      (net 140 PWR8))
    (pad 12 thru_hole circle (at 5.08 -6.6 90) (size 1.5 1.5) (drill 0.9) (layers *.Cu *.Mask)
      (net 1 GND))
    (pad 13 thru_hole circle (at 3.81 -9.14 90) (size 1.5 1.5) (drill 0.9) (layers *.Cu *.Mask)
      (net 140 PWR8))
    (pad 9 thru_hole rect (at 8.89 -9.14 90) (size 1.5 1.5) (drill 0.9) (layers *.Cu *.Mask)
      (net 95 /LINK8_B))
    (pad 16 thru_hole circle (at 0 -6.6 90) (size 1.5 1.5) (drill 0.9) (layers *.Cu *.Mask)
      (net 96 /LINK8_Y))
    (pad 15 thru_hole circle (at 1.27 -9.14 90) (size 1.5 1.5) (drill 0.9) (layers *.Cu *.Mask)
      (net 97 /LINK8_Z))
    (model ${KISYS3DMOD}/Connectors.3dshapes/RJ45_8.wrl
      (offset (xyz 4.571999931335449 -6.349999904632568 0))
      (scale (xyz 0.4 0.4 0.4))
      (rotate (xyz 0 0 0))
    )
  )

  (module Housings_SOIC:SO-8_5.3x6.2mm_Pitch1.27mm (layer F.Cu) (tedit 59920130) (tstamp 5FD322CF)
    (at 109.474 58.166 180)
    (descr "8-Lead Plastic Small Outline, 5.3x6.2mm Body (http://www.ti.com.cn/cn/lit/ds/symlink/tl7705a.pdf)")
    (tags "SOIC 1.27")
    (path /631EF1FF)
    (attr smd)
    (fp_text reference U5 (at -2.286 -4.191) (layer F.SilkS)
      (effects (font (size 1 1) (thickness 0.15)))
    )
    (fp_text value ISL83490 (at 0 4.13) (layer F.Fab)
      (effects (font (size 1 1) (thickness 0.15)))
    )
    (fp_line (start -1.65 -3.1) (end 2.65 -3.1) (layer F.Fab) (width 0.15))
    (fp_line (start 2.65 -3.1) (end 2.65 3.1) (layer F.Fab) (width 0.15))
    (fp_line (start 2.65 3.1) (end -2.65 3.1) (layer F.Fab) (width 0.15))
    (fp_line (start -2.65 3.1) (end -2.65 -2.1) (layer F.Fab) (width 0.15))
    (fp_line (start -2.65 -2.1) (end -1.65 -3.1) (layer F.Fab) (width 0.15))
    (fp_line (start -4.83 -3.35) (end -4.83 3.35) (layer F.CrtYd) (width 0.05))
    (fp_line (start 4.83 -3.35) (end 4.83 3.35) (layer F.CrtYd) (width 0.05))
    (fp_line (start -4.83 -3.35) (end 4.83 -3.35) (layer F.CrtYd) (width 0.05))
    (fp_line (start -4.83 3.35) (end 4.83 3.35) (layer F.CrtYd) (width 0.05))
    (fp_line (start -2.75 -3.205) (end -2.75 -2.55) (layer F.SilkS) (width 0.15))
    (fp_line (start 2.75 -3.205) (end 2.75 -2.455) (layer F.SilkS) (width 0.15))
    (fp_line (start 2.75 3.205) (end 2.75 2.455) (layer F.SilkS) (width 0.15))
    (fp_line (start -2.75 3.205) (end -2.75 2.455) (layer F.SilkS) (width 0.15))
    (fp_line (start -2.75 -3.205) (end 2.75 -3.205) (layer F.SilkS) (width 0.15))
    (fp_line (start -2.75 3.205) (end 2.75 3.205) (layer F.SilkS) (width 0.15))
    (fp_line (start -2.75 -2.55) (end -4.5 -2.55) (layer F.SilkS) (width 0.15))
    (fp_text user %R (at 0 0) (layer F.Fab)
      (effects (font (size 1 1) (thickness 0.15)))
    )
    (pad 8 smd rect (at 3.7 -1.905 180) (size 1.75 0.55) (layers F.Cu F.Paste F.Mask)
      (net 67 /LINK1_A))
    (pad 7 smd rect (at 3.7 -0.635 180) (size 1.75 0.55) (layers F.Cu F.Paste F.Mask)
      (net 66 /LINK1_B))
    (pad 6 smd rect (at 3.7 0.635 180) (size 1.75 0.55) (layers F.Cu F.Paste F.Mask)
      (net 68 /LINK1_Z))
    (pad 5 smd rect (at 3.7 1.905 180) (size 1.75 0.55) (layers F.Cu F.Paste F.Mask)
      (net 69 /LINK1_Y))
    (pad 4 smd rect (at -3.7 1.905 180) (size 1.75 0.55) (layers F.Cu F.Paste F.Mask)
      (net 1 GND))
    (pad 3 smd rect (at -3.7 0.635 180) (size 1.75 0.55) (layers F.Cu F.Paste F.Mask)
      (net 32 /USART1_TX))
    (pad 2 smd rect (at -3.7 -0.635 180) (size 1.75 0.55) (layers F.Cu F.Paste F.Mask)
      (net 31 /USART1_RX))
    (pad 1 smd rect (at -3.7 -1.905 180) (size 1.75 0.55) (layers F.Cu F.Paste F.Mask)
      (net 2 +3V3))
    (model ${KISYS3DMOD}/Housings_SOIC.3dshapes/SO-8_5.3x6.2mm_Pitch1.27mm.wrl
      (at (xyz 0 0 0))
      (scale (xyz 1 1 1))
      (rotate (xyz 0 0 0))
    )
  )

  (module Capacitors_SMD:C_0805 (layer F.Cu) (tedit 58AA8463) (tstamp 5FD3057B)
    (at 154.686 109.474 180)
    (descr "Capacitor SMD 0805, reflow soldering, AVX (see smccp.pdf)")
    (tags "capacitor 0805")
    (path /5FC42E43)
    (attr smd)
    (fp_text reference C1 (at -1.016 -1.651) (layer F.SilkS)
      (effects (font (size 1 1) (thickness 0.15)))
    )
    (fp_text value 4.7uF (at 0 1.75) (layer F.Fab)
      (effects (font (size 1 1) (thickness 0.15)))
    )
    (fp_line (start 1.75 0.87) (end -1.75 0.87) (layer F.CrtYd) (width 0.05))
    (fp_line (start 1.75 0.87) (end 1.75 -0.88) (layer F.CrtYd) (width 0.05))
    (fp_line (start -1.75 -0.88) (end -1.75 0.87) (layer F.CrtYd) (width 0.05))
    (fp_line (start -1.75 -0.88) (end 1.75 -0.88) (layer F.CrtYd) (width 0.05))
    (fp_line (start -0.5 0.85) (end 0.5 0.85) (layer F.SilkS) (width 0.12))
    (fp_line (start 0.5 -0.85) (end -0.5 -0.85) (layer F.SilkS) (width 0.12))
    (fp_line (start -1 -0.62) (end 1 -0.62) (layer F.Fab) (width 0.1))
    (fp_line (start 1 -0.62) (end 1 0.62) (layer F.Fab) (width 0.1))
    (fp_line (start 1 0.62) (end -1 0.62) (layer F.Fab) (width 0.1))
    (fp_line (start -1 0.62) (end -1 -0.62) (layer F.Fab) (width 0.1))
    (fp_text user %R (at 0 -1.5) (layer F.Fab)
      (effects (font (size 1 1) (thickness 0.15)))
    )
    (pad 2 smd rect (at 1 0 180) (size 1 1.25) (layers F.Cu F.Paste F.Mask)
      (net 1 GND))
    (pad 1 smd rect (at -1 0 180) (size 1 1.25) (layers F.Cu F.Paste F.Mask)
      (net 2 +3V3))
    (model Capacitors_SMD.3dshapes/C_0805.wrl
      (at (xyz 0 0 0))
      (scale (xyz 1 1 1))
      (rotate (xyz 0 0 0))
    )
  )

  (module Capacitors_SMD:C_0805 (layer F.Cu) (tedit 58AA8463) (tstamp 5FD44800)
    (at 141.351 106.172)
    (descr "Capacitor SMD 0805, reflow soldering, AVX (see smccp.pdf)")
    (tags "capacitor 0805")
    (path /5FC43CD5)
    (attr smd)
    (fp_text reference C2 (at 0 1.524) (layer F.SilkS)
      (effects (font (size 1 1) (thickness 0.15)))
    )
    (fp_text value DC6 (at 0 1.75) (layer F.Fab)
      (effects (font (size 1 1) (thickness 0.15)))
    )
    (fp_line (start -1 0.62) (end -1 -0.62) (layer F.Fab) (width 0.1))
    (fp_line (start 1 0.62) (end -1 0.62) (layer F.Fab) (width 0.1))
    (fp_line (start 1 -0.62) (end 1 0.62) (layer F.Fab) (width 0.1))
    (fp_line (start -1 -0.62) (end 1 -0.62) (layer F.Fab) (width 0.1))
    (fp_line (start 0.5 -0.85) (end -0.5 -0.85) (layer F.SilkS) (width 0.12))
    (fp_line (start -0.5 0.85) (end 0.5 0.85) (layer F.SilkS) (width 0.12))
    (fp_line (start -1.75 -0.88) (end 1.75 -0.88) (layer F.CrtYd) (width 0.05))
    (fp_line (start -1.75 -0.88) (end -1.75 0.87) (layer F.CrtYd) (width 0.05))
    (fp_line (start 1.75 0.87) (end 1.75 -0.88) (layer F.CrtYd) (width 0.05))
    (fp_line (start 1.75 0.87) (end -1.75 0.87) (layer F.CrtYd) (width 0.05))
    (fp_text user %R (at 0 -1.5) (layer F.Fab)
      (effects (font (size 1 1) (thickness 0.15)))
    )
    (pad 1 smd rect (at -1 0) (size 1 1.25) (layers F.Cu F.Paste F.Mask)
      (net 2 +3V3))
    (pad 2 smd rect (at 1 0) (size 1 1.25) (layers F.Cu F.Paste F.Mask)
      (net 1 GND))
    (model Capacitors_SMD.3dshapes/C_0805.wrl
      (at (xyz 0 0 0))
      (scale (xyz 1 1 1))
      (rotate (xyz 0 0 0))
    )
  )

  (module Capacitors_SMD:C_0805 (layer F.Cu) (tedit 58AA8463) (tstamp 5FD3045B)
    (at 145.034 106.172 180)
    (descr "Capacitor SMD 0805, reflow soldering, AVX (see smccp.pdf)")
    (tags "capacitor 0805")
    (path /5FC44416)
    (attr smd)
    (fp_text reference C3 (at 0 -1.5) (layer F.SilkS)
      (effects (font (size 1 1) (thickness 0.15)))
    )
    (fp_text value DC17 (at 0 1.75) (layer F.Fab)
      (effects (font (size 1 1) (thickness 0.15)))
    )
    (fp_line (start 1.75 0.87) (end -1.75 0.87) (layer F.CrtYd) (width 0.05))
    (fp_line (start 1.75 0.87) (end 1.75 -0.88) (layer F.CrtYd) (width 0.05))
    (fp_line (start -1.75 -0.88) (end -1.75 0.87) (layer F.CrtYd) (width 0.05))
    (fp_line (start -1.75 -0.88) (end 1.75 -0.88) (layer F.CrtYd) (width 0.05))
    (fp_line (start -0.5 0.85) (end 0.5 0.85) (layer F.SilkS) (width 0.12))
    (fp_line (start 0.5 -0.85) (end -0.5 -0.85) (layer F.SilkS) (width 0.12))
    (fp_line (start -1 -0.62) (end 1 -0.62) (layer F.Fab) (width 0.1))
    (fp_line (start 1 -0.62) (end 1 0.62) (layer F.Fab) (width 0.1))
    (fp_line (start 1 0.62) (end -1 0.62) (layer F.Fab) (width 0.1))
    (fp_line (start -1 0.62) (end -1 -0.62) (layer F.Fab) (width 0.1))
    (fp_text user %R (at 0 -1.5) (layer F.Fab)
      (effects (font (size 1 1) (thickness 0.15)))
    )
    (pad 2 smd rect (at 1 0 180) (size 1 1.25) (layers F.Cu F.Paste F.Mask)
      (net 1 GND))
    (pad 1 smd rect (at -1 0 180) (size 1 1.25) (layers F.Cu F.Paste F.Mask)
      (net 2 +3V3))
    (model Capacitors_SMD.3dshapes/C_0805.wrl
      (at (xyz 0 0 0))
      (scale (xyz 1 1 1))
      (rotate (xyz 0 0 0))
    )
  )

  (module Capacitors_SMD:C_0805 (layer F.Cu) (tedit 58AA8463) (tstamp 5FD3051B)
    (at 151.892 106.172)
    (descr "Capacitor SMD 0805, reflow soldering, AVX (see smccp.pdf)")
    (tags "capacitor 0805")
    (path /5FC448B5)
    (attr smd)
    (fp_text reference C4 (at 0 1.524) (layer F.SilkS)
      (effects (font (size 1 1) (thickness 0.15)))
    )
    (fp_text value DC30 (at 0 1.75) (layer F.Fab)
      (effects (font (size 1 1) (thickness 0.15)))
    )
    (fp_line (start -1 0.62) (end -1 -0.62) (layer F.Fab) (width 0.1))
    (fp_line (start 1 0.62) (end -1 0.62) (layer F.Fab) (width 0.1))
    (fp_line (start 1 -0.62) (end 1 0.62) (layer F.Fab) (width 0.1))
    (fp_line (start -1 -0.62) (end 1 -0.62) (layer F.Fab) (width 0.1))
    (fp_line (start 0.5 -0.85) (end -0.5 -0.85) (layer F.SilkS) (width 0.12))
    (fp_line (start -0.5 0.85) (end 0.5 0.85) (layer F.SilkS) (width 0.12))
    (fp_line (start -1.75 -0.88) (end 1.75 -0.88) (layer F.CrtYd) (width 0.05))
    (fp_line (start -1.75 -0.88) (end -1.75 0.87) (layer F.CrtYd) (width 0.05))
    (fp_line (start 1.75 0.87) (end 1.75 -0.88) (layer F.CrtYd) (width 0.05))
    (fp_line (start 1.75 0.87) (end -1.75 0.87) (layer F.CrtYd) (width 0.05))
    (fp_text user %R (at 0 -1.5) (layer F.Fab)
      (effects (font (size 1 1) (thickness 0.15)))
    )
    (pad 1 smd rect (at -1 0) (size 1 1.25) (layers F.Cu F.Paste F.Mask)
      (net 2 +3V3))
    (pad 2 smd rect (at 1 0) (size 1 1.25) (layers F.Cu F.Paste F.Mask)
      (net 1 GND))
    (model Capacitors_SMD.3dshapes/C_0805.wrl
      (at (xyz 0 0 0))
      (scale (xyz 1 1 1))
      (rotate (xyz 0 0 0))
    )
  )

  (module Capacitors_SMD:C_0805 (layer F.Cu) (tedit 58AA8463) (tstamp 5FD3048B)
    (at 155.448 106.172 180)
    (descr "Capacitor SMD 0805, reflow soldering, AVX (see smccp.pdf)")
    (tags "capacitor 0805")
    (path /5FC44E11)
    (attr smd)
    (fp_text reference C5 (at 0 -1.5) (layer F.SilkS)
      (effects (font (size 1 1) (thickness 0.15)))
    )
    (fp_text value DC33 (at 0 1.75) (layer F.Fab)
      (effects (font (size 1 1) (thickness 0.15)))
    )
    (fp_line (start 1.75 0.87) (end -1.75 0.87) (layer F.CrtYd) (width 0.05))
    (fp_line (start 1.75 0.87) (end 1.75 -0.88) (layer F.CrtYd) (width 0.05))
    (fp_line (start -1.75 -0.88) (end -1.75 0.87) (layer F.CrtYd) (width 0.05))
    (fp_line (start -1.75 -0.88) (end 1.75 -0.88) (layer F.CrtYd) (width 0.05))
    (fp_line (start -0.5 0.85) (end 0.5 0.85) (layer F.SilkS) (width 0.12))
    (fp_line (start 0.5 -0.85) (end -0.5 -0.85) (layer F.SilkS) (width 0.12))
    (fp_line (start -1 -0.62) (end 1 -0.62) (layer F.Fab) (width 0.1))
    (fp_line (start 1 -0.62) (end 1 0.62) (layer F.Fab) (width 0.1))
    (fp_line (start 1 0.62) (end -1 0.62) (layer F.Fab) (width 0.1))
    (fp_line (start -1 0.62) (end -1 -0.62) (layer F.Fab) (width 0.1))
    (fp_text user %R (at 0 -1.5) (layer F.Fab)
      (effects (font (size 1 1) (thickness 0.15)))
    )
    (pad 2 smd rect (at 1 0 180) (size 1 1.25) (layers F.Cu F.Paste F.Mask)
      (net 1 GND))
    (pad 1 smd rect (at -1 0 180) (size 1 1.25) (layers F.Cu F.Paste F.Mask)
      (net 2 +3V3))
    (model Capacitors_SMD.3dshapes/C_0805.wrl
      (at (xyz 0 0 0))
      (scale (xyz 1 1 1))
      (rotate (xyz 0 0 0))
    )
  )

  (module Capacitors_SMD:C_0805 (layer F.Cu) (tedit 58AA8463) (tstamp 5FD303FB)
    (at 161.036 100.33 270)
    (descr "Capacitor SMD 0805, reflow soldering, AVX (see smccp.pdf)")
    (tags "capacitor 0805")
    (path /5FC451FC)
    (attr smd)
    (fp_text reference C6 (at 0 -1.5 90) (layer F.SilkS)
      (effects (font (size 1 1) (thickness 0.15)))
    )
    (fp_text value DC39 (at 0 1.75 90) (layer F.Fab)
      (effects (font (size 1 1) (thickness 0.15)))
    )
    (fp_line (start -1 0.62) (end -1 -0.62) (layer F.Fab) (width 0.1))
    (fp_line (start 1 0.62) (end -1 0.62) (layer F.Fab) (width 0.1))
    (fp_line (start 1 -0.62) (end 1 0.62) (layer F.Fab) (width 0.1))
    (fp_line (start -1 -0.62) (end 1 -0.62) (layer F.Fab) (width 0.1))
    (fp_line (start 0.5 -0.85) (end -0.5 -0.85) (layer F.SilkS) (width 0.12))
    (fp_line (start -0.5 0.85) (end 0.5 0.85) (layer F.SilkS) (width 0.12))
    (fp_line (start -1.75 -0.88) (end 1.75 -0.88) (layer F.CrtYd) (width 0.05))
    (fp_line (start -1.75 -0.88) (end -1.75 0.87) (layer F.CrtYd) (width 0.05))
    (fp_line (start 1.75 0.87) (end 1.75 -0.88) (layer F.CrtYd) (width 0.05))
    (fp_line (start 1.75 0.87) (end -1.75 0.87) (layer F.CrtYd) (width 0.05))
    (fp_text user %R (at 0 -1.5 90) (layer F.Fab)
      (effects (font (size 1 1) (thickness 0.15)))
    )
    (pad 1 smd rect (at -1 0 270) (size 1 1.25) (layers F.Cu F.Paste F.Mask)
      (net 2 +3V3))
    (pad 2 smd rect (at 1 0 270) (size 1 1.25) (layers F.Cu F.Paste F.Mask)
      (net 1 GND))
    (model Capacitors_SMD.3dshapes/C_0805.wrl
      (at (xyz 0 0 0))
      (scale (xyz 1 1 1))
      (rotate (xyz 0 0 0))
    )
  )

  (module Capacitors_SMD:C_0805 (layer F.Cu) (tedit 58AA8463) (tstamp 5FD304EB)
    (at 161.036 93.472 270)
    (descr "Capacitor SMD 0805, reflow soldering, AVX (see smccp.pdf)")
    (tags "capacitor 0805")
    (path /5FC48801)
    (attr smd)
    (fp_text reference C7 (at -0.635 -1.651 90) (layer F.SilkS)
      (effects (font (size 1 1) (thickness 0.15)))
    )
    (fp_text value DC52 (at 0 1.75 90) (layer F.Fab)
      (effects (font (size 1 1) (thickness 0.15)))
    )
    (fp_line (start 1.75 0.87) (end -1.75 0.87) (layer F.CrtYd) (width 0.05))
    (fp_line (start 1.75 0.87) (end 1.75 -0.88) (layer F.CrtYd) (width 0.05))
    (fp_line (start -1.75 -0.88) (end -1.75 0.87) (layer F.CrtYd) (width 0.05))
    (fp_line (start -1.75 -0.88) (end 1.75 -0.88) (layer F.CrtYd) (width 0.05))
    (fp_line (start -0.5 0.85) (end 0.5 0.85) (layer F.SilkS) (width 0.12))
    (fp_line (start 0.5 -0.85) (end -0.5 -0.85) (layer F.SilkS) (width 0.12))
    (fp_line (start -1 -0.62) (end 1 -0.62) (layer F.Fab) (width 0.1))
    (fp_line (start 1 -0.62) (end 1 0.62) (layer F.Fab) (width 0.1))
    (fp_line (start 1 0.62) (end -1 0.62) (layer F.Fab) (width 0.1))
    (fp_line (start -1 0.62) (end -1 -0.62) (layer F.Fab) (width 0.1))
    (fp_text user %R (at 0 -1.5 90) (layer F.Fab)
      (effects (font (size 1 1) (thickness 0.15)))
    )
    (pad 2 smd rect (at 1 0 270) (size 1 1.25) (layers F.Cu F.Paste F.Mask)
      (net 1 GND))
    (pad 1 smd rect (at -1 0 270) (size 1 1.25) (layers F.Cu F.Paste F.Mask)
      (net 2 +3V3))
    (model Capacitors_SMD.3dshapes/C_0805.wrl
      (at (xyz 0 0 0))
      (scale (xyz 1 1 1))
      (rotate (xyz 0 0 0))
    )
  )

  (module Capacitors_SMD:C_0805 (layer F.Cu) (tedit 58AA8463) (tstamp 5FD305DB)
    (at 161.036 88.646 270)
    (descr "Capacitor SMD 0805, reflow soldering, AVX (see smccp.pdf)")
    (tags "capacitor 0805")
    (path /5FC48807)
    (attr smd)
    (fp_text reference C8 (at 0 -1.5 90) (layer F.SilkS)
      (effects (font (size 1 1) (thickness 0.15)))
    )
    (fp_text value DC62 (at 0 1.75 90) (layer F.Fab)
      (effects (font (size 1 1) (thickness 0.15)))
    )
    (fp_line (start -1 0.62) (end -1 -0.62) (layer F.Fab) (width 0.1))
    (fp_line (start 1 0.62) (end -1 0.62) (layer F.Fab) (width 0.1))
    (fp_line (start 1 -0.62) (end 1 0.62) (layer F.Fab) (width 0.1))
    (fp_line (start -1 -0.62) (end 1 -0.62) (layer F.Fab) (width 0.1))
    (fp_line (start 0.5 -0.85) (end -0.5 -0.85) (layer F.SilkS) (width 0.12))
    (fp_line (start -0.5 0.85) (end 0.5 0.85) (layer F.SilkS) (width 0.12))
    (fp_line (start -1.75 -0.88) (end 1.75 -0.88) (layer F.CrtYd) (width 0.05))
    (fp_line (start -1.75 -0.88) (end -1.75 0.87) (layer F.CrtYd) (width 0.05))
    (fp_line (start 1.75 0.87) (end 1.75 -0.88) (layer F.CrtYd) (width 0.05))
    (fp_line (start 1.75 0.87) (end -1.75 0.87) (layer F.CrtYd) (width 0.05))
    (fp_text user %R (at 0 -1.5 90) (layer F.Fab)
      (effects (font (size 1 1) (thickness 0.15)))
    )
    (pad 1 smd rect (at -1 0 270) (size 1 1.25) (layers F.Cu F.Paste F.Mask)
      (net 2 +3V3))
    (pad 2 smd rect (at 1 0 270) (size 1 1.25) (layers F.Cu F.Paste F.Mask)
      (net 1 GND))
    (model Capacitors_SMD.3dshapes/C_0805.wrl
      (at (xyz 0 0 0))
      (scale (xyz 1 1 1))
      (rotate (xyz 0 0 0))
    )
  )

  (module Capacitors_SMD:C_0805 (layer F.Cu) (tedit 58AA8463) (tstamp 5FD305AB)
    (at 161.798 82.804)
    (descr "Capacitor SMD 0805, reflow soldering, AVX (see smccp.pdf)")
    (tags "capacitor 0805")
    (path /5FC4880D)
    (attr smd)
