(kicad_pcb (version 20171130) (host pcbnew "(5.1.7)-1")

  (general
    (thickness 1.6)
    (drawings 40)
    (tracks 538)
    (zones 0)
    (modules 103)
    (nets 57)
  )

  (page A4)
  (layers
    (0 F.Cu signal)
    (1 In1.Cu signal hide)
    (2 In2.Cu signal hide)
    (31 B.Cu signal)
    (32 B.Adhes user)
    (33 F.Adhes user)
    (34 B.Paste user)
    (35 F.Paste user)
    (36 B.SilkS user)
    (37 F.SilkS user)
    (38 B.Mask user)
    (39 F.Mask user)
    (40 Dwgs.User user)
    (41 Cmts.User user)
    (42 Eco1.User user)
    (43 Eco2.User user)
    (44 Edge.Cuts user)
    (45 Margin user)
    (46 B.CrtYd user)
    (47 F.CrtYd user)
    (48 B.Fab user hide)
    (49 F.Fab user hide)
  )

  (setup
    (last_trace_width 0.25)
    (user_trace_width 0.5)
    (user_trace_width 0.75)
    (user_trace_width 1.5)
    (trace_clearance 0.2)
    (zone_clearance 0.508)
    (zone_45_only no)
    (trace_min 0.2)
    (via_size 0.8)
    (via_drill 0.4)
    (via_min_size 0.4)
    (via_min_drill 0.3)
    (uvia_size 0.3)
    (uvia_drill 0.1)
    (uvias_allowed no)
    (uvia_min_size 0.2)
    (uvia_min_drill 0.1)
    (edge_width 0.05)
    (segment_width 0.2)
    (pcb_text_width 0.3)
    (pcb_text_size 1.5 1.5)
    (mod_edge_width 0.12)
    (mod_text_size 1 1)
    (mod_text_width 0.15)
    (pad_size 1.524 1.524)
    (pad_drill 0.762)
    (pad_to_mask_clearance 0)
    (aux_axis_origin 0 0)
    (visible_elements 7FFFFFFF)
    (pcbplotparams
      (layerselection 0x010fc_ffffffff)
      (usegerberextensions false)
      (usegerberattributes true)
      (usegerberadvancedattributes true)
      (creategerberjobfile true)
      (excludeedgelayer true)
      (linewidth 0.100000)
      (plotframeref false)
      (viasonmask false)
      (mode 1)
      (useauxorigin false)
      (hpglpennumber 1)
      (hpglpenspeed 20)
      (hpglpendiameter 15.000000)
      (psnegative false)
      (psa4output false)
      (plotreference true)
      (plotvalue true)
      (plotinvisibletext false)
      (padsonsilk false)
      (subtractmaskfromsilk false)
      (outputformat 1)
      (mirror false)
      (drillshape 0)
      (scaleselection 1)
      (outputdirectory "C:/Users/Jay Kominek/Dropbox/Piano Conversion/x/"))
  )

  (net 0 "")
  (net 1 GND)
  (net 2 +48V)
  (net 3 +5V)
  (net 4 "Net-(J1-Pad2)")
  (net 5 "Net-(J2-Pad2)")
  (net 6 "Net-(J3-Pad2)")
  (net 7 "Net-(J4-Pad2)")
  (net 8 "Net-(J5-Pad2)")
  (net 9 "Net-(J6-Pad2)")
  (net 10 "Net-(J7-Pad2)")
  (net 11 "Net-(J8-Pad2)")
  (net 12 "Net-(Q1-Pad1)")
  (net 13 "Net-(Q2-Pad1)")
  (net 14 "Net-(Q3-Pad1)")
  (net 15 "Net-(Q4-Pad1)")
  (net 16 "Net-(Q5-Pad1)")
  (net 17 "Net-(Q6-Pad1)")
  (net 18 "Net-(Q7-Pad1)")
  (net 19 "Net-(Q8-Pad1)")
  (net 20 /VREF)
  (net 21 "Net-(C1-Pad1)")
  (net 22 "Net-(C2-Pad1)")
  (net 23 "Net-(C3-Pad1)")
  (net 24 "Net-(C4-Pad1)")
  (net 25 "Net-(C5-Pad1)")
  (net 26 "Net-(C6-Pad1)")
  (net 27 "Net-(C7-Pad1)")
  (net 28 "Net-(C8-Pad1)")
  (net 29 +15V)
  (net 30 "Net-(D9-Pad2)")
  (net 31 "Net-(D10-Pad2)")
  (net 32 +3V3)
  (net 33 /SDA)
  (net 34 /SCL)
  (net 35 /Feedback1)
  (net 36 /Feedback2)
  (net 37 /Feedback3)
  (net 38 /Feedback4)
  (net 39 /Feedback5)
  (net 40 /Feedback6)
  (net 41 /Feedback7)
  (net 42 /Feedback8)
  (net 43 "Net-(R11-Pad2)")
  (net 44 "Net-(R12-Pad2)")
  (net 45 "Net-(R13-Pad2)")
  (net 46 "Net-(R14-Pad2)")
  (net 47 "Net-(R15-Pad2)")
  (net 48 "Net-(R16-Pad2)")
  (net 49 "Net-(R17-Pad2)")
  (net 50 "Net-(R18-Pad2)")
  (net 51 /~SHDN)
  (net 52 /A0)
  (net 53 /A1)
  (net 54 /A2)
  (net 55 /48V_SENSE)
  (net 56 /15V_SENSE)

  (net_class Default "This is the default net class."
    (clearance 0.2)
    (trace_width 0.25)
    (via_dia 0.8)
    (via_drill 0.4)
    (uvia_dia 0.3)
    (uvia_drill 0.1)
    (add_net +15V)
    (add_net +3V3)
    (add_net +48V)
    (add_net +5V)
    (add_net /15V_SENSE)
    (add_net /48V_SENSE)
    (add_net /A0)
    (add_net /A1)
    (add_net /A2)
    (add_net /Feedback1)
    (add_net /Feedback2)
    (add_net /Feedback3)
    (add_net /Feedback4)
    (add_net /Feedback5)
    (add_net /Feedback6)
    (add_net /Feedback7)
    (add_net /Feedback8)
    (add_net /SCL)
    (add_net /SDA)
    (add_net /VREF)
    (add_net /~SHDN)
    (add_net GND)
    (add_net "Net-(C1-Pad1)")
    (add_net "Net-(C2-Pad1)")
    (add_net "Net-(C3-Pad1)")
    (add_net "Net-(C4-Pad1)")
    (add_net "Net-(C5-Pad1)")
    (add_net "Net-(C6-Pad1)")
    (add_net "Net-(C7-Pad1)")
    (add_net "Net-(C8-Pad1)")
    (add_net "Net-(D10-Pad2)")
    (add_net "Net-(D9-Pad2)")
    (add_net "Net-(J1-Pad2)")
    (add_net "Net-(J2-Pad2)")
    (add_net "Net-(J3-Pad2)")
    (add_net "Net-(J4-Pad2)")
    (add_net "Net-(J5-Pad2)")
    (add_net "Net-(J6-Pad2)")
    (add_net "Net-(J7-Pad2)")
    (add_net "Net-(J8-Pad2)")
    (add_net "Net-(Q1-Pad1)")
    (add_net "Net-(Q2-Pad1)")
    (add_net "Net-(Q3-Pad1)")
    (add_net "Net-(Q4-Pad1)")
    (add_net "Net-(Q5-Pad1)")
    (add_net "Net-(Q6-Pad1)")
    (add_net "Net-(Q7-Pad1)")
    (add_net "Net-(Q8-Pad1)")
    (add_net "Net-(R11-Pad2)")
    (add_net "Net-(R12-Pad2)")
    (add_net "Net-(R13-Pad2)")
    (add_net "Net-(R14-Pad2)")
    (add_net "Net-(R15-Pad2)")
    (add_net "Net-(R16-Pad2)")
    (add_net "Net-(R17-Pad2)")
    (add_net "Net-(R18-Pad2)")
  )

  (module Capacitors_SMD:C_0805_HandSoldering (layer F.Cu) (tedit 58AA84A8) (tstamp 5FCBCB00)
    (at 116.815 146.38 270)
    (descr "Capacitor SMD 0805, hand soldering")
    (tags "capacitor 0805")
    (path /605693FE)
    (attr smd)
    (fp_text reference C22 (at -0.635 1.905 90) (layer F.SilkS)
      (effects (font (size 1 1) (thickness 0.15)))
    )
    (fp_text value 0.1uF (at 0 1.75 90) (layer F.Fab)
      (effects (font (size 1 1) (thickness 0.15)))
    )
    (fp_line (start 2.25 0.87) (end -2.25 0.87) (layer F.CrtYd) (width 0.05))
    (fp_line (start 2.25 0.87) (end 2.25 -0.88) (layer F.CrtYd) (width 0.05))
    (fp_line (start -2.25 -0.88) (end -2.25 0.87) (layer F.CrtYd) (width 0.05))
    (fp_line (start -2.25 -0.88) (end 2.25 -0.88) (layer F.CrtYd) (width 0.05))
    (fp_line (start -0.5 0.85) (end 0.5 0.85) (layer F.SilkS) (width 0.12))
    (fp_line (start 0.5 -0.85) (end -0.5 -0.85) (layer F.SilkS) (width 0.12))
    (fp_line (start -1 -0.62) (end 1 -0.62) (layer F.Fab) (width 0.1))
    (fp_line (start 1 -0.62) (end 1 0.62) (layer F.Fab) (width 0.1))
    (fp_line (start 1 0.62) (end -1 0.62) (layer F.Fab) (width 0.1))
    (fp_line (start -1 0.62) (end -1 -0.62) (layer F.Fab) (width 0.1))
    (fp_text user %R (at 0 -1.75 90) (layer F.Fab)
      (effects (font (size 1 1) (thickness 0.15)))
    )
    (pad 1 smd rect (at -1.25 0 270) (size 1.5 1.25) (layers F.Cu F.Paste F.Mask)
      (net 32 +3V3))
    (pad 2 smd rect (at 1.25 0 270) (size 1.5 1.25) (layers F.Cu F.Paste F.Mask)
      (net 1 GND))
    (model Capacitors_SMD.3dshapes/C_0805.wrl
      (at (xyz 0 0 0))
      (scale (xyz 1 1 1))
      (rotate (xyz 0 0 0))
    )
  )

  (module Capacitors_SMD:C_0805_HandSoldering (layer F.Cu) (tedit 58AA84A8) (tstamp 5FAC9E94)
    (at 141.605 87.63 180)
    (descr "Capacitor SMD 0805, hand soldering")
    (tags "capacitor 0805")
    (path /5FACB0C3)
    (attr smd)
    (fp_text reference C1 (at -1.651 1.778) (layer F.SilkS)
      (effects (font (size 1 1) (thickness 0.15)))
    )
    (fp_text value .1uF (at 0 1.75) (layer F.Fab)
      (effects (font (size 1 1) (thickness 0.15)))
    )
    (fp_line (start -1 0.62) (end -1 -0.62) (layer F.Fab) (width 0.1))
    (fp_line (start 1 0.62) (end -1 0.62) (layer F.Fab) (width 0.1))
    (fp_line (start 1 -0.62) (end 1 0.62) (layer F.Fab) (width 0.1))
    (fp_line (start -1 -0.62) (end 1 -0.62) (layer F.Fab) (width 0.1))
    (fp_line (start 0.5 -0.85) (end -0.5 -0.85) (layer F.SilkS) (width 0.12))
    (fp_line (start -0.5 0.85) (end 0.5 0.85) (layer F.SilkS) (width 0.12))
    (fp_line (start -2.25 -0.88) (end 2.25 -0.88) (layer F.CrtYd) (width 0.05))
    (fp_line (start -2.25 -0.88) (end -2.25 0.87) (layer F.CrtYd) (width 0.05))
    (fp_line (start 2.25 0.87) (end 2.25 -0.88) (layer F.CrtYd) (width 0.05))
    (fp_line (start 2.25 0.87) (end -2.25 0.87) (layer F.CrtYd) (width 0.05))
    (fp_text user %R (at 0 -1.75) (layer F.Fab)
      (effects (font (size 1 1) (thickness 0.15)))
    )
    (pad 2 smd rect (at 1.25 0 180) (size 1.5 1.25) (layers F.Cu F.Paste F.Mask)
      (net 1 GND))
    (pad 1 smd rect (at -1.25 0 180) (size 1.5 1.25) (layers F.Cu F.Paste F.Mask)
      (net 21 "Net-(C1-Pad1)"))
    (model Capacitors_SMD.3dshapes/C_0805.wrl
      (at (xyz 0 0 0))
      (scale (xyz 1 1 1))
      (rotate (xyz 0 0 0))
    )
  )

  (module Capacitors_SMD:C_0805_HandSoldering (layer F.Cu) (tedit 58AA84A8) (tstamp 5FACC909)
    (at 141.605 101.6 180)
    (descr "Capacitor SMD 0805, hand soldering")
    (tags "capacitor 0805")
    (path /5FB05575)
    (attr smd)
    (fp_text reference C2 (at -1.143 1.524) (layer F.SilkS)
      (effects (font (size 1 1) (thickness 0.15)))
    )
    (fp_text value .1uF (at 0 1.75) (layer F.Fab)
      (effects (font (size 1 1) (thickness 0.15)))
    )
    (fp_line (start -1 0.62) (end -1 -0.62) (layer F.Fab) (width 0.1))
    (fp_line (start 1 0.62) (end -1 0.62) (layer F.Fab) (width 0.1))
    (fp_line (start 1 -0.62) (end 1 0.62) (layer F.Fab) (width 0.1))
    (fp_line (start -1 -0.62) (end 1 -0.62) (layer F.Fab) (width 0.1))
    (fp_line (start 0.5 -0.85) (end -0.5 -0.85) (layer F.SilkS) (width 0.12))
    (fp_line (start -0.5 0.85) (end 0.5 0.85) (layer F.SilkS) (width 0.12))
    (fp_line (start -2.25 -0.88) (end 2.25 -0.88) (layer F.CrtYd) (width 0.05))
    (fp_line (start -2.25 -0.88) (end -2.25 0.87) (layer F.CrtYd) (width 0.05))
    (fp_line (start 2.25 0.87) (end 2.25 -0.88) (layer F.CrtYd) (width 0.05))
    (fp_line (start 2.25 0.87) (end -2.25 0.87) (layer F.CrtYd) (width 0.05))
    (fp_text user %R (at 0 -1.75) (layer F.Fab)
      (effects (font (size 1 1) (thickness 0.15)))
    )
    (pad 2 smd rect (at 1.25 0 180) (size 1.5 1.25) (layers F.Cu F.Paste F.Mask)
      (net 1 GND))
    (pad 1 smd rect (at -1.25 0 180) (size 1.5 1.25) (layers F.Cu F.Paste F.Mask)
      (net 22 "Net-(C2-Pad1)"))
    (model Capacitors_SMD.3dshapes/C_0805.wrl
      (at (xyz 0 0 0))
      (scale (xyz 1 1 1))
      (rotate (xyz 0 0 0))
    )
  )

  (module Capacitors_SMD:C_0805_HandSoldering (layer F.Cu) (tedit 58AA84A8) (tstamp 5FAC9EB6)
    (at 141.605 115.57 180)
    (descr "Capacitor SMD 0805, hand soldering")
    (tags "capacitor 0805")
    (path /5FB0C28B)
    (attr smd)
    (fp_text reference C3 (at -1.143 1.778) (layer F.SilkS)
      (effects (font (size 1 1) (thickness 0.15)))
    )
    (fp_text value .1uF (at 0 1.75) (layer F.Fab)
      (effects (font (size 1 1) (thickness 0.15)))
    )
    (fp_line (start 2.25 0.87) (end -2.25 0.87) (layer F.CrtYd) (width 0.05))
    (fp_line (start 2.25 0.87) (end 2.25 -0.88) (layer F.CrtYd) (width 0.05))
    (fp_line (start -2.25 -0.88) (end -2.25 0.87) (layer F.CrtYd) (width 0.05))
    (fp_line (start -2.25 -0.88) (end 2.25 -0.88) (layer F.CrtYd) (width 0.05))
    (fp_line (start -0.5 0.85) (end 0.5 0.85) (layer F.SilkS) (width 0.12))
    (fp_line (start 0.5 -0.85) (end -0.5 -0.85) (layer F.SilkS) (width 0.12))
    (fp_line (start -1 -0.62) (end 1 -0.62) (layer F.Fab) (width 0.1))
    (fp_line (start 1 -0.62) (end 1 0.62) (layer F.Fab) (width 0.1))
    (fp_line (start 1 0.62) (end -1 0.62) (layer F.Fab) (width 0.1))
    (fp_line (start -1 0.62) (end -1 -0.62) (layer F.Fab) (width 0.1))
    (fp_text user %R (at 0 -1.75) (layer F.Fab)
      (effects (font (size 1 1) (thickness 0.15)))
    )
    (pad 1 smd rect (at -1.25 0 180) (size 1.5 1.25) (layers F.Cu F.Paste F.Mask)
      (net 23 "Net-(C3-Pad1)"))
    (pad 2 smd rect (at 1.25 0 180) (size 1.5 1.25) (layers F.Cu F.Paste F.Mask)
      (net 1 GND))
    (model Capacitors_SMD.3dshapes/C_0805.wrl
      (at (xyz 0 0 0))
      (scale (xyz 1 1 1))
      (rotate (xyz 0 0 0))
    )
  )

  (module Capacitors_SMD:C_0805_HandSoldering (layer F.Cu) (tedit 58AA84A8) (tstamp 5FAC9EC7)
    (at 141.605 129.54 180)
    (descr "Capacitor SMD 0805, hand soldering")
    (tags "capacitor 0805")
    (path /5FB14AEC)
    (attr smd)
    (fp_text reference C4 (at -1.143 2.032) (layer F.SilkS)
      (effects (font (size 1 1) (thickness 0.15)))
    )
    (fp_text value .1uF (at 0 1.75) (layer F.Fab)
      (effects (font (size 1 1) (thickness 0.15)))
    )
    (fp_line (start 2.25 0.87) (end -2.25 0.87) (layer F.CrtYd) (width 0.05))
    (fp_line (start 2.25 0.87) (end 2.25 -0.88) (layer F.CrtYd) (width 0.05))
    (fp_line (start -2.25 -0.88) (end -2.25 0.87) (layer F.CrtYd) (width 0.05))
    (fp_line (start -2.25 -0.88) (end 2.25 -0.88) (layer F.CrtYd) (width 0.05))
    (fp_line (start -0.5 0.85) (end 0.5 0.85) (layer F.SilkS) (width 0.12))
    (fp_line (start 0.5 -0.85) (end -0.5 -0.85) (layer F.SilkS) (width 0.12))
    (fp_line (start -1 -0.62) (end 1 -0.62) (layer F.Fab) (width 0.1))
    (fp_line (start 1 -0.62) (end 1 0.62) (layer F.Fab) (width 0.1))
    (fp_line (start 1 0.62) (end -1 0.62) (layer F.Fab) (width 0.1))
    (fp_line (start -1 0.62) (end -1 -0.62) (layer F.Fab) (width 0.1))
    (fp_text user %R (at 0 -1.75) (layer F.Fab)
      (effects (font (size 1 1) (thickness 0.15)))
    )
    (pad 1 smd rect (at -1.25 0 180) (size 1.5 1.25) (layers F.Cu F.Paste F.Mask)
      (net 24 "Net-(C4-Pad1)"))
    (pad 2 smd rect (at 1.25 0 180) (size 1.5 1.25) (layers F.Cu F.Paste F.Mask)
      (net 1 GND))
    (model Capacitors_SMD.3dshapes/C_0805.wrl
      (at (xyz 0 0 0))
      (scale (xyz 1 1 1))
      (rotate (xyz 0 0 0))
    )
  )

  (module Capacitors_SMD:C_0805_HandSoldering (layer F.Cu) (tedit 58AA84A8) (tstamp 5FAC9ED8)
    (at 88 134)
    (descr "Capacitor SMD 0805, hand soldering")
    (tags "capacitor 0805")
    (path /5FB1EF42)
    (attr smd)
    (fp_text reference C5 (at -0.635 2.159) (layer F.SilkS)
      (effects (font (size 1 1) (thickness 0.15)))
    )
    (fp_text value .1uF (at 0 1.75) (layer F.Fab)
      (effects (font (size 1 1) (thickness 0.15)))
    )
    (fp_line (start -1 0.62) (end -1 -0.62) (layer F.Fab) (width 0.1))
    (fp_line (start 1 0.62) (end -1 0.62) (layer F.Fab) (width 0.1))
    (fp_line (start 1 -0.62) (end 1 0.62) (layer F.Fab) (width 0.1))
    (fp_line (start -1 -0.62) (end 1 -0.62) (layer F.Fab) (width 0.1))
    (fp_line (start 0.5 -0.85) (end -0.5 -0.85) (layer F.SilkS) (width 0.12))
    (fp_line (start -0.5 0.85) (end 0.5 0.85) (layer F.SilkS) (width 0.12))
    (fp_line (start -2.25 -0.88) (end 2.25 -0.88) (layer F.CrtYd) (width 0.05))
    (fp_line (start -2.25 -0.88) (end -2.25 0.87) (layer F.CrtYd) (width 0.05))
    (fp_line (start 2.25 0.87) (end 2.25 -0.88) (layer F.CrtYd) (width 0.05))
    (fp_line (start 2.25 0.87) (end -2.25 0.87) (layer F.CrtYd) (width 0.05))
    (fp_text user %R (at 0 -1.75) (layer F.Fab)
      (effects (font (size 1 1) (thickness 0.15)))
    )
    (pad 2 smd rect (at 1.25 0) (size 1.5 1.25) (layers F.Cu F.Paste F.Mask)
      (net 1 GND))
    (pad 1 smd rect (at -1.25 0) (size 1.5 1.25) (layers F.Cu F.Paste F.Mask)
      (net 25 "Net-(C5-Pad1)"))
    (model Capacitors_SMD.3dshapes/C_0805.wrl
      (at (xyz 0 0 0))
      (scale (xyz 1 1 1))
      (rotate (xyz 0 0 0))
    )
  )

  (module Capacitors_SMD:C_0805_HandSoldering (layer F.Cu) (tedit 58AA84A8) (tstamp 5FAC9EE9)
    (at 88 120.5)
    (descr "Capacitor SMD 0805, hand soldering")
    (tags "capacitor 0805")
    (path /5FB2999F)
    (attr smd)
    (fp_text reference C6 (at -0.635 1.905) (layer F.SilkS)
      (effects (font (size 1 1) (thickness 0.15)))
    )
    (fp_text value .1uF (at 0 1.75) (layer F.Fab)
      (effects (font (size 1 1) (thickness 0.15)))
    )
    (fp_line (start 2.25 0.87) (end -2.25 0.87) (layer F.CrtYd) (width 0.05))
    (fp_line (start 2.25 0.87) (end 2.25 -0.88) (layer F.CrtYd) (width 0.05))
    (fp_line (start -2.25 -0.88) (end -2.25 0.87) (layer F.CrtYd) (width 0.05))
    (fp_line (start -2.25 -0.88) (end 2.25 -0.88) (layer F.CrtYd) (width 0.05))
    (fp_line (start -0.5 0.85) (end 0.5 0.85) (layer F.SilkS) (width 0.12))
    (fp_line (start 0.5 -0.85) (end -0.5 -0.85) (layer F.SilkS) (width 0.12))
    (fp_line (start -1 -0.62) (end 1 -0.62) (layer F.Fab) (width 0.1))
    (fp_line (start 1 -0.62) (end 1 0.62) (layer F.Fab) (width 0.1))
    (fp_line (start 1 0.62) (end -1 0.62) (layer F.Fab) (width 0.1))
    (fp_line (start -1 0.62) (end -1 -0.62) (layer F.Fab) (width 0.1))
    (fp_text user %R (at 0 -1.75) (layer F.Fab)
      (effects (font (size 1 1) (thickness 0.15)))
    )
    (pad 1 smd rect (at -1.25 0) (size 1.5 1.25) (layers F.Cu F.Paste F.Mask)
      (net 26 "Net-(C6-Pad1)"))
    (pad 2 smd rect (at 1.25 0) (size 1.5 1.25) (layers F.Cu F.Paste F.Mask)
      (net 1 GND))
    (model Capacitors_SMD.3dshapes/C_0805.wrl
      (at (xyz 0 0 0))
      (scale (xyz 1 1 1))
      (rotate (xyz 0 0 0))
    )
  )

  (module Capacitors_SMD:C_0805_HandSoldering (layer F.Cu) (tedit 58AA84A8) (tstamp 5FAC9EFA)
    (at 88 106.5)
    (descr "Capacitor SMD 0805, hand soldering")
    (tags "capacitor 0805")
    (path /5FB3C361)
    (attr smd)
    (fp_text reference C7 (at -0.635 1.651) (layer F.SilkS)
      (effects (font (size 1 1) (thickness 0.15)))
    )
    (fp_text value .1uF (at 0 1.75) (layer F.Fab)
      (effects (font (size 1 1) (thickness 0.15)))
    )
    (fp_line (start -1 0.62) (end -1 -0.62) (layer F.Fab) (width 0.1))
    (fp_line (start 1 0.62) (end -1 0.62) (layer F.Fab) (width 0.1))
    (fp_line (start 1 -0.62) (end 1 0.62) (layer F.Fab) (width 0.1))
    (fp_line (start -1 -0.62) (end 1 -0.62) (layer F.Fab) (width 0.1))
    (fp_line (start 0.5 -0.85) (end -0.5 -0.85) (layer F.SilkS) (width 0.12))
    (fp_line (start -0.5 0.85) (end 0.5 0.85) (layer F.SilkS) (width 0.12))
    (fp_line (start -2.25 -0.88) (end 2.25 -0.88) (layer F.CrtYd) (width 0.05))
    (fp_line (start -2.25 -0.88) (end -2.25 0.87) (layer F.CrtYd) (width 0.05))
    (fp_line (start 2.25 0.87) (end 2.25 -0.88) (layer F.CrtYd) (width 0.05))
    (fp_line (start 2.25 0.87) (end -2.25 0.87) (layer F.CrtYd) (width 0.05))
    (fp_text user %R (at 0 -1.75) (layer F.Fab)
      (effects (font (size 1 1) (thickness 0.15)))
    )
    (pad 2 smd rect (at 1.25 0) (size 1.5 1.25) (layers F.Cu F.Paste F.Mask)
      (net 1 GND))
    (pad 1 smd rect (at -1.25 0) (size 1.5 1.25) (layers F.Cu F.Paste F.Mask)
      (net 27 "Net-(C7-Pad1)"))
    (model Capacitors_SMD.3dshapes/C_0805.wrl
      (at (xyz 0 0 0))
      (scale (xyz 1 1 1))
      (rotate (xyz 0 0 0))
    )
  )

  (module Capacitors_SMD:C_0805_HandSoldering (layer F.Cu) (tedit 58AA84A8) (tstamp 5FAC9F0B)
    (at 88 92.5)
    (descr "Capacitor SMD 0805, hand soldering")
    (tags "capacitor 0805")
    (path /5FB4BAA4)
    (attr smd)
    (fp_text reference C8 (at -0.635 1.905) (layer F.SilkS)
      (effects (font (size 1 1) (thickness 0.15)))
    )
    (fp_text value .1uF (at 0 1.75) (layer F.Fab)
      (effects (font (size 1 1) (thickness 0.15)))
    )
    (fp_line (start 2.25 0.87) (end -2.25 0.87) (layer F.CrtYd) (width 0.05))
    (fp_line (start 2.25 0.87) (end 2.25 -0.88) (layer F.CrtYd) (width 0.05))
    (fp_line (start -2.25 -0.88) (end -2.25 0.87) (layer F.CrtYd) (width 0.05))
    (fp_line (start -2.25 -0.88) (end 2.25 -0.88) (layer F.CrtYd) (width 0.05))
    (fp_line (start -0.5 0.85) (end 0.5 0.85) (layer F.SilkS) (width 0.12))
    (fp_line (start 0.5 -0.85) (end -0.5 -0.85) (layer F.SilkS) (width 0.12))
    (fp_line (start -1 -0.62) (end 1 -0.62) (layer F.Fab) (width 0.1))
    (fp_line (start 1 -0.62) (end 1 0.62) (layer F.Fab) (width 0.1))
    (fp_line (start 1 0.62) (end -1 0.62) (layer F.Fab) (width 0.1))
    (fp_line (start -1 0.62) (end -1 -0.62) (layer F.Fab) (width 0.1))
    (fp_text user %R (at 0 -1.75) (layer F.Fab)
      (effects (font (size 1 1) (thickness 0.15)))
    )
    (pad 1 smd rect (at -1.25 0) (size 1.5 1.25) (layers F.Cu F.Paste F.Mask)
      (net 28 "Net-(C8-Pad1)"))
    (pad 2 smd rect (at 1.25 0) (size 1.5 1.25) (layers F.Cu F.Paste F.Mask)
      (net 1 GND))
    (model Capacitors_SMD.3dshapes/C_0805.wrl
      (at (xyz 0 0 0))
      (scale (xyz 1 1 1))
      (rotate (xyz 0 0 0))
    )
  )

  (module Capacitors_THT:CP_Radial_D16.0mm_P7.50mm (layer F.Cu) (tedit 597BC7C2) (tstamp 5FACA02C)
    (at 134.112 79.756 180)
    (descr "CP, Radial series, Radial, pin pitch=7.50mm, , diameter=16mm, Electrolytic Capacitor")
    (tags "CP Radial series Radial pin pitch 7.50mm  diameter 16mm Electrolytic Capacitor")
    (path /5FAE2C41)
    (fp_text reference C9 (at -6.096 0.381) (layer F.SilkS)
      (effects (font (size 1 1) (thickness 0.15)))
    )
    (fp_text value Lots (at 3.75 9.31) (layer F.Fab)
      (effects (font (size 1 1) (thickness 0.15)))
    )
    (fp_circle (center 3.75 0) (end 11.75 0) (layer F.Fab) (width 0.1))
    (fp_circle (center 3.75 0) (end 11.84 0) (layer F.SilkS) (width 0.12))
    (fp_line (start -3.2 0) (end -1.4 0) (layer F.Fab) (width 0.1))
    (fp_line (start -2.3 -0.9) (end -2.3 0.9) (layer F.Fab) (width 0.1))
    (fp_line (start 3.75 -8.051) (end 3.75 8.051) (layer F.SilkS) (width 0.12))
    (fp_line (start 3.79 -8.05) (end 3.79 8.05) (layer F.SilkS) (width 0.12))
    (fp_line (start 3.83 -8.05) (end 3.83 8.05) (layer F.SilkS) (width 0.12))
    (fp_line (start 3.87 -8.05) (end 3.87 8.05) (layer F.SilkS) (width 0.12))
    (fp_line (start 3.91 -8.049) (end 3.91 8.049) (layer F.SilkS) (width 0.12))
    (fp_line (start 3.95 -8.048) (end 3.95 8.048) (layer F.SilkS) (width 0.12))
    (fp_line (start 3.99 -8.047) (end 3.99 8.047) (layer F.SilkS) (width 0.12))
    (fp_line (start 4.03 -8.046) (end 4.03 8.046) (layer F.SilkS) (width 0.12))
    (fp_line (start 4.07 -8.044) (end 4.07 8.044) (layer F.SilkS) (width 0.12))
    (fp_line (start 4.11 -8.042) (end 4.11 8.042) (layer F.SilkS) (width 0.12))
    (fp_line (start 4.15 -8.041) (end 4.15 8.041) (layer F.SilkS) (width 0.12))
    (fp_line (start 4.19 -8.039) (end 4.19 8.039) (layer F.SilkS) (width 0.12))
    (fp_line (start 4.23 -8.036) (end 4.23 8.036) (layer F.SilkS) (width 0.12))
    (fp_line (start 4.27 -8.034) (end 4.27 8.034) (layer F.SilkS) (width 0.12))
    (fp_line (start 4.31 -8.031) (end 4.31 8.031) (layer F.SilkS) (width 0.12))
    (fp_line (start 4.35 -8.028) (end 4.35 8.028) (layer F.SilkS) (width 0.12))
    (fp_line (start 4.39 -8.025) (end 4.39 8.025) (layer F.SilkS) (width 0.12))
    (fp_line (start 4.43 -8.022) (end 4.43 8.022) (layer F.SilkS) (width 0.12))
    (fp_line (start 4.471 -8.018) (end 4.471 8.018) (layer F.SilkS) (width 0.12))
    (fp_line (start 4.511 -8.015) (end 4.511 8.015) (layer F.SilkS) (width 0.12))
    (fp_line (start 4.551 -8.011) (end 4.551 8.011) (layer F.SilkS) (width 0.12))
    (fp_line (start 4.591 -8.007) (end 4.591 8.007) (layer F.SilkS) (width 0.12))
    (fp_line (start 4.631 -8.002) (end 4.631 8.002) (layer F.SilkS) (width 0.12))
    (fp_line (start 4.671 -7.998) (end 4.671 7.998) (layer F.SilkS) (width 0.12))
    (fp_line (start 4.711 -7.993) (end 4.711 7.993) (layer F.SilkS) (width 0.12))
    (fp_line (start 4.751 -7.988) (end 4.751 7.988) (layer F.SilkS) (width 0.12))
    (fp_line (start 4.791 -7.983) (end 4.791 7.983) (layer F.SilkS) (width 0.12))
    (fp_line (start 4.831 -7.978) (end 4.831 7.978) (layer F.SilkS) (width 0.12))
    (fp_line (start 4.871 -7.973) (end 4.871 7.973) (layer F.SilkS) (width 0.12))
    (fp_line (start 4.911 -7.967) (end 4.911 7.967) (layer F.SilkS) (width 0.12))
    (fp_line (start 4.951 -7.961) (end 4.951 7.961) (layer F.SilkS) (width 0.12))
    (fp_line (start 4.991 -7.955) (end 4.991 7.955) (layer F.SilkS) (width 0.12))
    (fp_line (start 5.031 -7.949) (end 5.031 7.949) (layer F.SilkS) (width 0.12))
    (fp_line (start 5.071 -7.942) (end 5.071 7.942) (layer F.SilkS) (width 0.12))
    (fp_line (start 5.111 -7.935) (end 5.111 7.935) (layer F.SilkS) (width 0.12))
    (fp_line (start 5.151 -7.928) (end 5.151 7.928) (layer F.SilkS) (width 0.12))
    (fp_line (start 5.191 -7.921) (end 5.191 7.921) (layer F.SilkS) (width 0.12))
    (fp_line (start 5.231 -7.914) (end 5.231 7.914) (layer F.SilkS) (width 0.12))
    (fp_line (start 5.271 -7.906) (end 5.271 7.906) (layer F.SilkS) (width 0.12))
    (fp_line (start 5.311 -7.899) (end 5.311 7.899) (layer F.SilkS) (width 0.12))
    (fp_line (start 5.351 -7.891) (end 5.351 7.891) (layer F.SilkS) (width 0.12))
    (fp_line (start 5.391 -7.883) (end 5.391 7.883) (layer F.SilkS) (width 0.12))
    (fp_line (start 5.431 -7.874) (end 5.431 7.874) (layer F.SilkS) (width 0.12))
    (fp_line (start 5.471 -7.866) (end 5.471 7.866) (layer F.SilkS) (width 0.12))
    (fp_line (start 5.511 -7.857) (end 5.511 7.857) (layer F.SilkS) (width 0.12))
    (fp_line (start 5.551 -7.848) (end 5.551 7.848) (layer F.SilkS) (width 0.12))
    (fp_line (start 5.591 -7.838) (end 5.591 7.838) (layer F.SilkS) (width 0.12))
    (fp_line (start 5.631 -7.829) (end 5.631 7.829) (layer F.SilkS) (width 0.12))
    (fp_line (start 5.671 -7.819) (end 5.671 7.819) (layer F.SilkS) (width 0.12))
    (fp_line (start 5.711 -7.809) (end 5.711 7.809) (layer F.SilkS) (width 0.12))
    (fp_line (start 5.751 -7.799) (end 5.751 7.799) (layer F.SilkS) (width 0.12))
    (fp_line (start 5.791 -7.789) (end 5.791 7.789) (layer F.SilkS) (width 0.12))
    (fp_line (start 5.831 -7.779) (end 5.831 7.779) (layer F.SilkS) (width 0.12))
    (fp_line (start 5.871 -7.768) (end 5.871 7.768) (layer F.SilkS) (width 0.12))
    (fp_line (start 5.911 -7.757) (end 5.911 7.757) (layer F.SilkS) (width 0.12))
    (fp_line (start 5.951 -7.746) (end 5.951 7.746) (layer F.SilkS) (width 0.12))
    (fp_line (start 5.991 -7.734) (end 5.991 7.734) (layer F.SilkS) (width 0.12))
    (fp_line (start 6.031 -7.723) (end 6.031 7.723) (layer F.SilkS) (width 0.12))
    (fp_line (start 6.071 -7.711) (end 6.071 7.711) (layer F.SilkS) (width 0.12))
    (fp_line (start 6.111 -7.699) (end 6.111 7.699) (layer F.SilkS) (width 0.12))
    (fp_line (start 6.151 -7.686) (end 6.151 -1.38) (layer F.SilkS) (width 0.12))
    (fp_line (start 6.151 1.38) (end 6.151 7.686) (layer F.SilkS) (width 0.12))
    (fp_line (start 6.191 -7.674) (end 6.191 -1.38) (layer F.SilkS) (width 0.12))
    (fp_line (start 6.191 1.38) (end 6.191 7.674) (layer F.SilkS) (width 0.12))
    (fp_line (start 6.231 -7.661) (end 6.231 -1.38) (layer F.SilkS) (width 0.12))
    (fp_line (start 6.231 1.38) (end 6.231 7.661) (layer F.SilkS) (width 0.12))
    (fp_line (start 6.271 -7.648) (end 6.271 -1.38) (layer F.SilkS) (width 0.12))
    (fp_line (start 6.271 1.38) (end 6.271 7.648) (layer F.SilkS) (width 0.12))
    (fp_line (start 6.311 -7.635) (end 6.311 -1.38) (layer F.SilkS) (width 0.12))
    (fp_line (start 6.311 1.38) (end 6.311 7.635) (layer F.SilkS) (width 0.12))
    (fp_line (start 6.351 -7.621) (end 6.351 -1.38) (layer F.SilkS) (width 0.12))
    (fp_line (start 6.351 1.38) (end 6.351 7.621) (layer F.SilkS) (width 0.12))
    (fp_line (start 6.391 -7.608) (end 6.391 -1.38) (layer F.SilkS) (width 0.12))
    (fp_line (start 6.391 1.38) (end 6.391 7.608) (layer F.SilkS) (width 0.12))
    (fp_line (start 6.431 -7.594) (end 6.431 -1.38) (layer F.SilkS) (width 0.12))
    (fp_line (start 6.431 1.38) (end 6.431 7.594) (layer F.SilkS) (width 0.12))
    (fp_line (start 6.471 -7.58) (end 6.471 -1.38) (layer F.SilkS) (width 0.12))
    (fp_line (start 6.471 1.38) (end 6.471 7.58) (layer F.SilkS) (width 0.12))
    (fp_line (start 6.511 -7.565) (end 6.511 -1.38) (layer F.SilkS) (width 0.12))
    (fp_line (start 6.511 1.38) (end 6.511 7.565) (layer F.SilkS) (width 0.12))
    (fp_line (start 6.551 -7.55) (end 6.551 -1.38) (layer F.SilkS) (width 0.12))
    (fp_line (start 6.551 1.38) (end 6.551 7.55) (layer F.SilkS) (width 0.12))
    (fp_line (start 6.591 -7.536) (end 6.591 -1.38) (layer F.SilkS) (width 0.12))
    (fp_line (start 6.591 1.38) (end 6.591 7.536) (layer F.SilkS) (width 0.12))
    (fp_line (start 6.631 -7.521) (end 6.631 -1.38) (layer F.SilkS) (width 0.12))
    (fp_line (start 6.631 1.38) (end 6.631 7.521) (layer F.SilkS) (width 0.12))
    (fp_line (start 6.671 -7.505) (end 6.671 -1.38) (layer F.SilkS) (width 0.12))
    (fp_line (start 6.671 1.38) (end 6.671 7.505) (layer F.SilkS) (width 0.12))
    (fp_line (start 6.711 -7.49) (end 6.711 -1.38) (layer F.SilkS) (width 0.12))
    (fp_line (start 6.711 1.38) (end 6.711 7.49) (layer F.SilkS) (width 0.12))
    (fp_line (start 6.751 -7.474) (end 6.751 -1.38) (layer F.SilkS) (width 0.12))
    (fp_line (start 6.751 1.38) (end 6.751 7.474) (layer F.SilkS) (width 0.12))
    (fp_line (start 6.791 -7.458) (end 6.791 -1.38) (layer F.SilkS) (width 0.12))
    (fp_line (start 6.791 1.38) (end 6.791 7.458) (layer F.SilkS) (width 0.12))
    (fp_line (start 6.831 -7.441) (end 6.831 -1.38) (layer F.SilkS) (width 0.12))
    (fp_line (start 6.831 1.38) (end 6.831 7.441) (layer F.SilkS) (width 0.12))
    (fp_line (start 6.871 -7.425) (end 6.871 -1.38) (layer F.SilkS) (width 0.12))
    (fp_line (start 6.871 1.38) (end 6.871 7.425) (layer F.SilkS) (width 0.12))
    (fp_line (start 6.911 -7.408) (end 6.911 -1.38) (layer F.SilkS) (width 0.12))
    (fp_line (start 6.911 1.38) (end 6.911 7.408) (layer F.SilkS) (width 0.12))
    (fp_line (start 6.951 -7.391) (end 6.951 -1.38) (layer F.SilkS) (width 0.12))
    (fp_line (start 6.951 1.38) (end 6.951 7.391) (layer F.SilkS) (width 0.12))
    (fp_line (start 6.991 -7.373) (end 6.991 -1.38) (layer F.SilkS) (width 0.12))
    (fp_line (start 6.991 1.38) (end 6.991 7.373) (layer F.SilkS) (width 0.12))
    (fp_line (start 7.031 -7.356) (end 7.031 -1.38) (layer F.SilkS) (width 0.12))
    (fp_line (start 7.031 1.38) (end 7.031 7.356) (layer F.SilkS) (width 0.12))
    (fp_line (start 7.071 -7.338) (end 7.071 -1.38) (layer F.SilkS) (width 0.12))
    (fp_line (start 7.071 1.38) (end 7.071 7.338) (layer F.SilkS) (width 0.12))
    (fp_line (start 7.111 -7.32) (end 7.111 -1.38) (layer F.SilkS) (width 0.12))
    (fp_line (start 7.111 1.38) (end 7.111 7.32) (layer F.SilkS) (width 0.12))
    (fp_line (start 7.151 -7.301) (end 7.151 -1.38) (layer F.SilkS) (width 0.12))
    (fp_line (start 7.151 1.38) (end 7.151 7.301) (layer F.SilkS) (width 0.12))
    (fp_line (start 7.191 -7.283) (end 7.191 -1.38) (layer F.SilkS) (width 0.12))
    (fp_line (start 7.191 1.38) (end 7.191 7.283) (layer F.SilkS) (width 0.12))
    (fp_line (start 7.231 -7.264) (end 7.231 -1.38) (layer F.SilkS) (width 0.12))
    (fp_line (start 7.231 1.38) (end 7.231 7.264) (layer F.SilkS) (width 0.12))
    (fp_line (start 7.271 -7.245) (end 7.271 -1.38) (layer F.SilkS) (width 0.12))
    (fp_line (start 7.271 1.38) (end 7.271 7.245) (layer F.SilkS) (width 0.12))
    (fp_line (start 7.311 -7.225) (end 7.311 -1.38) (layer F.SilkS) (width 0.12))
    (fp_line (start 7.311 1.38) (end 7.311 7.225) (layer F.SilkS) (width 0.12))
    (fp_line (start 7.351 -7.205) (end 7.351 -1.38) (layer F.SilkS) (width 0.12))
    (fp_line (start 7.351 1.38) (end 7.351 7.205) (layer F.SilkS) (width 0.12))
    (fp_line (start 7.391 -7.185) (end 7.391 -1.38) (layer F.SilkS) (width 0.12))
    (fp_line (start 7.391 1.38) (end 7.391 7.185) (layer F.SilkS) (width 0.12))
    (fp_line (start 7.431 -7.165) (end 7.431 -1.38) (layer F.SilkS) (width 0.12))
    (fp_line (start 7.431 1.38) (end 7.431 7.165) (layer F.SilkS) (width 0.12))
    (fp_line (start 7.471 -7.144) (end 7.471 -1.38) (layer F.SilkS) (width 0.12))
    (fp_line (start 7.471 1.38) (end 7.471 7.144) (layer F.SilkS) (width 0.12))
    (fp_line (start 7.511 -7.124) (end 7.511 -1.38) (layer F.SilkS) (width 0.12))
    (fp_line (start 7.511 1.38) (end 7.511 7.124) (layer F.SilkS) (width 0.12))
    (fp_line (start 7.551 -7.102) (end 7.551 -1.38) (layer F.SilkS) (width 0.12))
    (fp_line (start 7.551 1.38) (end 7.551 7.102) (layer F.SilkS) (width 0.12))
    (fp_line (start 7.591 -7.081) (end 7.591 -1.38) (layer F.SilkS) (width 0.12))
    (fp_line (start 7.591 1.38) (end 7.591 7.081) (layer F.SilkS) (width 0.12))
    (fp_line (start 7.631 -7.059) (end 7.631 -1.38) (layer F.SilkS) (width 0.12))
    (fp_line (start 7.631 1.38) (end 7.631 7.059) (layer F.SilkS) (width 0.12))
    (fp_line (start 7.671 -7.037) (end 7.671 -1.38) (layer F.SilkS) (width 0.12))
    (fp_line (start 7.671 1.38) (end 7.671 7.037) (layer F.SilkS) (width 0.12))
    (fp_line (start 7.711 -7.015) (end 7.711 -1.38) (layer F.SilkS) (width 0.12))
    (fp_line (start 7.711 1.38) (end 7.711 7.015) (layer F.SilkS) (width 0.12))
    (fp_line (start 7.751 -6.992) (end 7.751 -1.38) (layer F.SilkS) (width 0.12))
    (fp_line (start 7.751 1.38) (end 7.751 6.992) (layer F.SilkS) (width 0.12))
    (fp_line (start 7.791 -6.97) (end 7.791 -1.38) (layer F.SilkS) (width 0.12))
    (fp_line (start 7.791 1.38) (end 7.791 6.97) (layer F.SilkS) (width 0.12))
    (fp_line (start 7.831 -6.946) (end 7.831 -1.38) (layer F.SilkS) (width 0.12))
    (fp_line (start 7.831 1.38) (end 7.831 6.946) (layer F.SilkS) (width 0.12))
    (fp_line (start 7.871 -6.923) (end 7.871 -1.38) (layer F.SilkS) (width 0.12))
    (fp_line (start 7.871 1.38) (end 7.871 6.923) (layer F.SilkS) (width 0.12))
    (fp_line (start 7.911 -6.899) (end 7.911 -1.38) (layer F.SilkS) (width 0.12))
    (fp_line (start 7.911 1.38) (end 7.911 6.899) (layer F.SilkS) (width 0.12))
    (fp_line (start 7.951 -6.875) (end 7.951 -1.38) (layer F.SilkS) (width 0.12))
    (fp_line (start 7.951 1.38) (end 7.951 6.875) (layer F.SilkS) (width 0.12))
    (fp_line (start 7.991 -6.85) (end 7.991 -1.38) (layer F.SilkS) (width 0.12))
    (fp_line (start 7.991 1.38) (end 7.991 6.85) (layer F.SilkS) (width 0.12))
    (fp_line (start 8.031 -6.826) (end 8.031 -1.38) (layer F.SilkS) (width 0.12))
    (fp_line (start 8.031 1.38) (end 8.031 6.826) (layer F.SilkS) (width 0.12))
    (fp_line (start 8.071 -6.801) (end 8.071 -1.38) (layer F.SilkS) (width 0.12))
    (fp_line (start 8.071 1.38) (end 8.071 6.801) (layer F.SilkS) (width 0.12))
    (fp_line (start 8.111 -6.775) (end 8.111 -1.38) (layer F.SilkS) (width 0.12))
    (fp_line (start 8.111 1.38) (end 8.111 6.775) (layer F.SilkS) (width 0.12))
    (fp_line (start 8.151 -6.749) (end 8.151 -1.38) (layer F.SilkS) (width 0.12))
    (fp_line (start 8.151 1.38) (end 8.151 6.749) (layer F.SilkS) (width 0.12))
    (fp_line (start 8.191 -6.723) (end 8.191 -1.38) (layer F.SilkS) (width 0.12))
    (fp_line (start 8.191 1.38) (end 8.191 6.723) (layer F.SilkS) (width 0.12))
    (fp_line (start 8.231 -6.697) (end 8.231 -1.38) (layer F.SilkS) (width 0.12))
    (fp_line (start 8.231 1.38) (end 8.231 6.697) (layer F.SilkS) (width 0.12))
    (fp_line (start 8.271 -6.67) (end 8.271 -1.38) (layer F.SilkS) (width 0.12))
    (fp_line (start 8.271 1.38) (end 8.271 6.67) (layer F.SilkS) (width 0.12))
    (fp_line (start 8.311 -6.643) (end 8.311 -1.38) (layer F.SilkS) (width 0.12))
    (fp_line (start 8.311 1.38) (end 8.311 6.643) (layer F.SilkS) (width 0.12))
    (fp_line (start 8.351 -6.615) (end 8.351 -1.38) (layer F.SilkS) (width 0.12))
    (fp_line (start 8.351 1.38) (end 8.351 6.615) (layer F.SilkS) (width 0.12))
    (fp_line (start 8.391 -6.588) (end 8.391 -1.38) (layer F.SilkS) (width 0.12))
    (fp_line (start 8.391 1.38) (end 8.391 6.588) (layer F.SilkS) (width 0.12))
    (fp_line (start 8.431 -6.559) (end 8.431 -1.38) (layer F.SilkS) (width 0.12))
    (fp_line (start 8.431 1.38) (end 8.431 6.559) (layer F.SilkS) (width 0.12))
    (fp_line (start 8.471 -6.531) (end 8.471 -1.38) (layer F.SilkS) (width 0.12))
    (fp_line (start 8.471 1.38) (end 8.471 6.531) (layer F.SilkS) (width 0.12))
    (fp_line (start 8.511 -6.502) (end 8.511 -1.38) (layer F.SilkS) (width 0.12))
    (fp_line (start 8.511 1.38) (end 8.511 6.502) (layer F.SilkS) (width 0.12))
    (fp_line (start 8.551 -6.473) (end 8.551 -1.38) (layer F.SilkS) (width 0.12))
    (fp_line (start 8.551 1.38) (end 8.551 6.473) (layer F.SilkS) (width 0.12))
    (fp_line (start 8.591 -6.443) (end 8.591 -1.38) (layer F.SilkS) (width 0.12))
    (fp_line (start 8.591 1.38) (end 8.591 6.443) (layer F.SilkS) (width 0.12))
    (fp_line (start 8.631 -6.413) (end 8.631 -1.38) (layer F.SilkS) (width 0.12))
    (fp_line (start 8.631 1.38) (end 8.631 6.413) (layer F.SilkS) (width 0.12))
    (fp_line (start 8.671 -6.382) (end 8.671 -1.38) (layer F.SilkS) (width 0.12))
    (fp_line (start 8.671 1.38) (end 8.671 6.382) (layer F.SilkS) (width 0.12))
    (fp_line (start 8.711 -6.352) (end 8.711 -1.38) (layer F.SilkS) (width 0.12))
    (fp_line (start 8.711 1.38) (end 8.711 6.352) (layer F.SilkS) (width 0.12))
    (fp_line (start 8.751 -6.32) (end 8.751 -1.38) (layer F.SilkS) (width 0.12))
    (fp_line (start 8.751 1.38) (end 8.751 6.32) (layer F.SilkS) (width 0.12))
    (fp_line (start 8.791 -6.289) (end 8.791 -1.38) (layer F.SilkS) (width 0.12))
    (fp_line (start 8.791 1.38) (end 8.791 6.289) (layer F.SilkS) (width 0.12))
    (fp_line (start 8.831 -6.257) (end 8.831 -1.38) (layer F.SilkS) (width 0.12))
    (fp_line (start 8.831 1.38) (end 8.831 6.257) (layer F.SilkS) (width 0.12))
    (fp_line (start 8.871 -6.224) (end 8.871 -1.38) (layer F.SilkS) (width 0.12))
    (fp_line (start 8.871 1.38) (end 8.871 6.224) (layer F.SilkS) (width 0.12))
    (fp_line (start 8.911 -6.191) (end 8.911 6.191) (layer F.SilkS) (width 0.12))
    (fp_line (start 8.951 -6.158) (end 8.951 6.158) (layer F.SilkS) (width 0.12))
    (fp_line (start 8.991 -6.124) (end 8.991 6.124) (layer F.SilkS) (width 0.12))
    (fp_line (start 9.031 -6.09) (end 9.031 6.09) (layer F.SilkS) (width 0.12))
    (fp_line (start 9.071 -6.055) (end 9.071 6.055) (layer F.SilkS) (width 0.12))
    (fp_line (start 9.111 -6.02) (end 9.111 6.02) (layer F.SilkS) (width 0.12))
    (fp_line (start 9.151 -5.984) (end 9.151 5.984) (layer F.SilkS) (width 0.12))
    (fp_line (start 9.191 -5.948) (end 9.191 5.948) (layer F.SilkS) (width 0.12))
    (fp_line (start 9.231 -5.912) (end 9.231 5.912) (layer F.SilkS) (width 0.12))
    (fp_line (start 9.271 -5.875) (end 9.271 5.875) (layer F.SilkS) (width 0.12))
    (fp_line (start 9.311 -5.837) (end 9.311 5.837) (layer F.SilkS) (width 0.12))
    (fp_line (start 9.351 -5.799) (end 9.351 5.799) (layer F.SilkS) (width 0.12))
    (fp_line (start 9.391 -5.76) (end 9.391 5.76) (layer F.SilkS) (width 0.12))
    (fp_line (start 9.431 -5.721) (end 9.431 5.721) (layer F.SilkS) (width 0.12))
    (fp_line (start 9.471 -5.681) (end 9.471 5.681) (layer F.SilkS) (width 0.12))
    (fp_line (start 9.511 -5.641) (end 9.511 5.641) (layer F.SilkS) (width 0.12))
    (fp_line (start 9.551 -5.6) (end 9.551 5.6) (layer F.SilkS) (width 0.12))
    (fp_line (start 9.591 -5.559) (end 9.591 5.559) (layer F.SilkS) (width 0.12))
    (fp_line (start 9.631 -5.517) (end 9.631 5.517) (layer F.SilkS) (width 0.12))
    (fp_line (start 9.671 -5.474) (end 9.671 5.474) (layer F.SilkS) (width 0.12))
    (fp_line (start 9.711 -5.431) (end 9.711 5.431) (layer F.SilkS) (width 0.12))
    (fp_line (start 9.751 -5.387) (end 9.751 5.387) (layer F.SilkS) (width 0.12))
    (fp_line (start 9.791 -5.343) (end 9.791 5.343) (layer F.SilkS) (width 0.12))
    (fp_line (start 9.831 -5.297) (end 9.831 5.297) (layer F.SilkS) (width 0.12))
    (fp_line (start 9.871 -5.251) (end 9.871 5.251) (layer F.SilkS) (width 0.12))
    (fp_line (start 9.911 -5.205) (end 9.911 5.205) (layer F.SilkS) (width 0.12))
