(kicad_pcb (version 20171130) (host pcbnew "(5.1.7)-1")

  (general
    (thickness 1.6)
    (drawings 27)
    (tracks 1293)
    (zones 0)
    (modules 154)
    (nets 143)
  )

  (page A4)
  (layers
    (0 F.Cu signal)
    (1 In1.Cu power)
    (2 In2.Cu power)
    (31 B.Cu signal)
    (32 B.Adhes user)
    (33 F.Adhes user)
    (34 B.Paste user)
    (35 F.Paste user)
    (36 B.SilkS user)
    (37 F.SilkS user)
    (38 B.Mask user)
    (39 F.Mask user)
    (40 Dwgs.User user)
    (41 Cmts.User user)
    (42 Eco1.User user)
    (43 Eco2.User user)
    (44 Edge.Cuts user)
    (45 Margin user)
    (46 B.CrtYd user)
    (47 F.CrtYd user)
    (48 B.Fab user hide)
    (49 F.Fab user hide)
  )

  (setup
    (last_trace_width 0.2)
    (user_trace_width 0.2)
    (user_trace_width 0.5)
    (user_trace_width 0.75)
    (user_trace_width 1)
    (user_trace_width 2)
    (trace_clearance 0.2)
    (zone_clearance 0.508)
    (zone_45_only no)
    (trace_min 0.2)
    (via_size 0.8)
    (via_drill 0.4)
    (via_min_size 0.4)
    (via_min_drill 0.3)
    (user_via 0.6 0.3)
    (user_via 0.8 0.4)
    (uvia_size 0.3)
    (uvia_drill 0.1)
    (uvias_allowed no)
    (uvia_min_size 0.2)
    (uvia_min_drill 0.1)
    (edge_width 0.05)
    (segment_width 0.2)
    (pcb_text_width 0.3)
    (pcb_text_size 1.5 1.5)
    (mod_edge_width 0.12)
    (mod_text_size 1 1)
    (mod_text_width 0.15)
    (pad_size 6.4 6.4)
    (pad_drill 3.200001)
    (pad_to_mask_clearance 0)
    (aux_axis_origin 0 0)
    (visible_elements 7FFFFFFF)
    (pcbplotparams
      (layerselection 0x010fc_ffffffff)
      (usegerberextensions false)
      (usegerberattributes true)
      (usegerberadvancedattributes true)
      (creategerberjobfile true)
      (excludeedgelayer true)
      (linewidth 0.100000)
      (plotframeref false)
      (viasonmask false)
      (mode 1)
      (useauxorigin false)
      (hpglpennumber 1)
      (hpglpenspeed 20)
      (hpglpendiameter 15.000000)
      (psnegative false)
      (psa4output false)
      (plotreference true)
      (plotvalue true)
      (plotinvisibletext false)
      (padsonsilk false)
      (subtractmaskfromsilk false)
      (outputformat 1)
      (mirror false)
      (drillshape 0)
      (scaleselection 1)
      (outputdirectory "plots/"))
  )

  (net 0 "")
  (net 1 GND)
  (net 2 +3V3)
  (net 3 /NRST)
  (net 4 "Net-(C18-Pad1)")
  (net 5 "Net-(C19-Pad1)")
  (net 6 "Net-(J1-Pad2)")
  (net 7 /USB_VBUS)
  (net 8 "Net-(FB1-Pad1)")
  (net 9 /JTDO)
  (net 10 /JTCK)
  (net 11 /JTMS)
  (net 12 /JTDI)
  (net 13 /JNTRST)
  (net 14 /VBUS_SENSE)
  (net 15 /USB_D+)
  (net 16 /USB_D-)
  (net 17 /D-)
  (net 18 /D+)
  (net 19 /UART8_TX)
  (net 20 /UART8_RX)
  (net 21 /USART2_RX)
  (net 22 /USART2_TX)
  (net 23 /UART5_RX)
  (net 24 /UART5_TX)
  (net 25 /UART4_TX)
  (net 26 /UART4_RX)
  (net 27 /USART6_RX)
  (net 28 /USART6_TX)
  (net 29 /USART3_RX)
  (net 30 /USART1_RX)
  (net 31 /USART1_TX)
  (net 32 /USART3_TX)
  (net 33 /UART7_TX)
  (net 34 /UART7_RX)
  (net 35 +5V)
  (net 36 /LINK1_B)
  (net 37 /LINK1_A)
  (net 38 /LINK1_Z)
  (net 39 /LINK1_Y)
  (net 40 /LINK2_Y)
  (net 41 /LINK2_Z)
  (net 42 /LINK2_A)
  (net 43 /LINK2_B)
  (net 44 /LINK3_A)
  (net 45 /LINK3_B)
  (net 46 /LINK4_B)
  (net 47 /LINK4_A)
  (net 48 /LINK4_Z)
  (net 49 /LINK4_Y)
  (net 50 /LINK3_Z)
  (net 51 /LINK3_Y)
  (net 52 /LINK6_Z)
  (net 53 /LINK6_Y)
  (net 54 /LINK6_B)
  (net 55 /LINK6_A)
  (net 56 /LINK5_B)
  (net 57 /LINK5_A)
  (net 58 /LINK5_Z)
  (net 59 /LINK5_Y)
  (net 60 /LINK7_Y)
  (net 61 /LINK7_Z)
  (net 62 /LINK7_A)
  (net 63 /LINK7_B)
  (net 64 /LINK8_A)
  (net 65 /LINK8_B)
  (net 66 /LINK8_Y)
  (net 67 /LINK8_Z)
  (net 68 /I2C4_SCL)
  (net 69 /I2C4_SDA)
  (net 70 "Net-(FB6-Pad2)")
  (net 71 "Net-(FB7-Pad2)")
  (net 72 "Net-(FB8-Pad2)")
  (net 73 /I2C1_SCL)
  (net 74 /I2C1_SDA)
  (net 75 /I2C2_SDA)
  (net 76 /I2C2_SCL)
  (net 77 "Net-(Q1-Pad1)")
  (net 78 "Net-(Q1-Pad3)")
  (net 79 "Net-(Q2-Pad1)")
  (net 80 "Net-(Q2-Pad3)")
  (net 81 "Net-(Q3-Pad1)")
  (net 82 "Net-(Q3-Pad3)")
  (net 83 "Net-(Q4-Pad1)")
  (net 84 "Net-(Q4-Pad3)")
  (net 85 "Net-(Q9-Pad1)")
  (net 86 "Net-(Q10-Pad1)")
  (net 87 "Net-(Q10-Pad3)")
  (net 88 "Net-(Q11-Pad1)")
  (net 89 "Net-(Q11-Pad3)")
  (net 90 "Net-(Q12-Pad1)")
  (net 91 "Net-(Q12-Pad3)")
  (net 92 "Net-(Q13-Pad1)")
  (net 93 "Net-(J4-Pad2)")
  (net 94 PWR1)
  (net 95 PWR2)
  (net 96 PWR3)
  (net 97 PWR4)
  (net 98 PWR5)
  (net 99 PWR6)
  (net 100 PWR7)
  (net 101 PWR8)
  (net 102 "Net-(C50-Pad1)")
  (net 103 "Net-(C51-Pad1)")
  (net 104 "Net-(C52-Pad1)")
  (net 105 "Net-(C53-Pad1)")
  (net 106 "Net-(C54-Pad1)")
  (net 107 "Net-(C55-Pad1)")
  (net 108 "Net-(C56-Pad1)")
  (net 109 "Net-(C57-Pad1)")
  (net 110 "Net-(C58-Pad1)")
  (net 111 "Net-(J5-Pad6)")
  (net 112 "Net-(J5-Pad5)")
  (net 113 "Net-(J5-Pad4)")
  (net 114 "Net-(J5-Pad3)")
  (net 115 "Net-(J5-Pad2)")
  (net 116 "Net-(J5-Pad1)")
  (net 117 /LEDSTATUS)
  (net 118 /PWR1_CTRL)
  (net 119 /PWR3_CTRL)
  (net 120 /PWR5_CTRL)
  (net 121 /PWR7_CTRL)
  (net 122 /PWR2_CTRL)
  (net 123 /PWR4_CTRL)
  (net 124 /PWR6_CTRL)
  (net 125 /PWR8_CTRL)
  (net 126 "Net-(FB2-Pad2)")
  (net 127 /I2C3_SDA)
  (net 128 /I2C3_SCL)
  (net 129 "Net-(J14-Pad11)")
  (net 130 "Net-(J14-Pad9)")
  (net 131 /SPI6_MOSI)
  (net 132 /SPI6_SCK)
  (net 133 /SPI6_MISO)
  (net 134 /SDCARD_CS)
  (net 135 /QWIIC_EXTI11)
  (net 136 /QWIIC_EXTI10)
  (net 137 /QWIIC_EXTI12)
  (net 138 /QWIIC_EXTI13)
  (net 139 +BATT)
  (net 140 "Net-(J17-Pad2)")
  (net 141 /HSE_OSC)
  (net 142 /LSE_OSC)

  (net_class Default "This is the default net class."
    (clearance 0.2)
    (trace_width 0.25)
    (via_dia 0.8)
    (via_drill 0.4)
    (uvia_dia 0.3)
    (uvia_drill 0.1)
    (add_net +3V3)
    (add_net +5V)
    (add_net +BATT)
    (add_net /D+)
    (add_net /D-)
    (add_net /HSE_OSC)
    (add_net /I2C1_SCL)
    (add_net /I2C1_SDA)
    (add_net /I2C2_SCL)
    (add_net /I2C2_SDA)
    (add_net /I2C3_SCL)
    (add_net /I2C3_SDA)
    (add_net /I2C4_SCL)
    (add_net /I2C4_SDA)
    (add_net /JNTRST)
    (add_net /JTCK)
    (add_net /JTDI)
    (add_net /JTDO)
    (add_net /JTMS)
    (add_net /LEDSTATUS)
    (add_net /LINK1_A)
    (add_net /LINK1_B)
    (add_net /LINK1_Y)
    (add_net /LINK1_Z)
    (add_net /LINK2_A)
    (add_net /LINK2_B)
    (add_net /LINK2_Y)
    (add_net /LINK2_Z)
    (add_net /LINK3_A)
    (add_net /LINK3_B)
    (add_net /LINK3_Y)
    (add_net /LINK3_Z)
    (add_net /LINK4_A)
    (add_net /LINK4_B)
    (add_net /LINK4_Y)
    (add_net /LINK4_Z)
    (add_net /LINK5_A)
    (add_net /LINK5_B)
    (add_net /LINK5_Y)
    (add_net /LINK5_Z)
    (add_net /LINK6_A)
    (add_net /LINK6_B)
    (add_net /LINK6_Y)
    (add_net /LINK6_Z)
    (add_net /LINK7_A)
    (add_net /LINK7_B)
    (add_net /LINK7_Y)
    (add_net /LINK7_Z)
    (add_net /LINK8_A)
    (add_net /LINK8_B)
    (add_net /LINK8_Y)
    (add_net /LINK8_Z)
    (add_net /LSE_OSC)
    (add_net /NRST)
    (add_net /PWR1_CTRL)
    (add_net /PWR2_CTRL)
    (add_net /PWR3_CTRL)
    (add_net /PWR4_CTRL)
    (add_net /PWR5_CTRL)
    (add_net /PWR6_CTRL)
    (add_net /PWR7_CTRL)
    (add_net /PWR8_CTRL)
    (add_net /QWIIC_EXTI10)
    (add_net /QWIIC_EXTI11)
    (add_net /QWIIC_EXTI12)
    (add_net /QWIIC_EXTI13)
    (add_net /SDCARD_CS)
    (add_net /SPI6_MISO)
    (add_net /SPI6_MOSI)
    (add_net /SPI6_SCK)
    (add_net /UART4_RX)
    (add_net /UART4_TX)
    (add_net /UART5_RX)
    (add_net /UART5_TX)
    (add_net /UART7_RX)
    (add_net /UART7_TX)
    (add_net /UART8_RX)
    (add_net /UART8_TX)
    (add_net /USART1_RX)
    (add_net /USART1_TX)
    (add_net /USART2_RX)
    (add_net /USART2_TX)
    (add_net /USART3_RX)
    (add_net /USART3_TX)
    (add_net /USART6_RX)
    (add_net /USART6_TX)
    (add_net /USB_D+)
    (add_net /USB_D-)
    (add_net /USB_VBUS)
    (add_net /VBUS_SENSE)
    (add_net GND)
    (add_net "Net-(C18-Pad1)")
    (add_net "Net-(C19-Pad1)")
    (add_net "Net-(C50-Pad1)")
    (add_net "Net-(C51-Pad1)")
    (add_net "Net-(C52-Pad1)")
    (add_net "Net-(C53-Pad1)")
    (add_net "Net-(C54-Pad1)")
    (add_net "Net-(C55-Pad1)")
    (add_net "Net-(C56-Pad1)")
    (add_net "Net-(C57-Pad1)")
    (add_net "Net-(C58-Pad1)")
    (add_net "Net-(FB1-Pad1)")
    (add_net "Net-(FB2-Pad2)")
    (add_net "Net-(FB6-Pad2)")
    (add_net "Net-(FB7-Pad2)")
    (add_net "Net-(FB8-Pad2)")
    (add_net "Net-(J1-Pad2)")
    (add_net "Net-(J14-Pad11)")
    (add_net "Net-(J14-Pad9)")
    (add_net "Net-(J17-Pad2)")
    (add_net "Net-(J4-Pad2)")
    (add_net "Net-(J5-Pad1)")
    (add_net "Net-(J5-Pad2)")
    (add_net "Net-(J5-Pad3)")
    (add_net "Net-(J5-Pad4)")
    (add_net "Net-(J5-Pad5)")
    (add_net "Net-(J5-Pad6)")
    (add_net "Net-(Q1-Pad1)")
    (add_net "Net-(Q1-Pad3)")
    (add_net "Net-(Q10-Pad1)")
    (add_net "Net-(Q10-Pad3)")
    (add_net "Net-(Q11-Pad1)")
    (add_net "Net-(Q11-Pad3)")
    (add_net "Net-(Q12-Pad1)")
    (add_net "Net-(Q12-Pad3)")
    (add_net "Net-(Q13-Pad1)")
    (add_net "Net-(Q2-Pad1)")
    (add_net "Net-(Q2-Pad3)")
    (add_net "Net-(Q3-Pad1)")
    (add_net "Net-(Q3-Pad3)")
    (add_net "Net-(Q4-Pad1)")
    (add_net "Net-(Q4-Pad3)")
    (add_net "Net-(Q9-Pad1)")
    (add_net PWR1)
    (add_net PWR2)
    (add_net PWR3)
    (add_net PWR4)
    (add_net PWR5)
    (add_net PWR6)
    (add_net PWR7)
    (add_net PWR8)
  )

  (module Connectors_JST:JST_SH_SM04B-SRSS-TB_04x1.00mm_Angled (layer F.Cu) (tedit 56B07436) (tstamp 6001F7F2)
    (at 191.5 117 90)
    (descr http://www.jst-mfg.com/product/pdf/eng/eSH.pdf)
    (tags "connector jst sh")
    (path /6044B305)
    (attr smd)
    (fp_text reference J6 (at 4.5 0 180) (layer F.SilkS)
      (effects (font (size 1 1) (thickness 0.15)))
    )
    (fp_text value Qwiic (at 0 4.5 90) (layer F.Fab)
      (effects (font (size 1 1) (thickness 0.15)))
    )
    (fp_circle (center -2.5 -2.1875) (end -2.25 -2.1875) (layer F.SilkS) (width 0.12))
    (fp_line (start -1.9 2.6375) (end 1.9 2.6375) (layer F.SilkS) (width 0.12))
    (fp_line (start -3 0.7375) (end -3 -1.6125) (layer F.SilkS) (width 0.12))
    (fp_line (start -3 -1.6125) (end -2.1 -1.6125) (layer F.SilkS) (width 0.12))
    (fp_line (start -2.5 -1.6125) (end -2.5 -0.4125) (layer F.SilkS) (width 0.12))
    (fp_line (start -2.5 -0.4125) (end -2.5 -0.4125) (layer F.SilkS) (width 0.12))
    (fp_line (start -2.5 -0.4125) (end -2.5 -1.6125) (layer F.SilkS) (width 0.12))
    (fp_line (start -2.5 -1.6125) (end -2.5 -1.6125) (layer F.SilkS) (width 0.12))
    (fp_line (start -2.5 -1.1125) (end -2.5 -1.1125) (layer F.SilkS) (width 0.12))
    (fp_line (start -2.5 -1.1125) (end -3 -1.1125) (layer F.SilkS) (width 0.12))
    (fp_line (start -3 -1.1125) (end -3 -1.1125) (layer F.SilkS) (width 0.12))
    (fp_line (start -3 -1.1125) (end -2.5 -1.1125) (layer F.SilkS) (width 0.12))
    (fp_line (start -2.5 -0.4125) (end -2.5 -0.4125) (layer F.SilkS) (width 0.12))
    (fp_line (start -2.5 -0.4125) (end -3 -0.4125) (layer F.SilkS) (width 0.12))
    (fp_line (start -3 -0.4125) (end -3 -0.4125) (layer F.SilkS) (width 0.12))
    (fp_line (start -3 -0.4125) (end -2.5 -0.4125) (layer F.SilkS) (width 0.12))
    (fp_line (start 3 0.7375) (end 3 -1.6125) (layer F.SilkS) (width 0.12))
    (fp_line (start 3 -1.6125) (end 2.1 -1.6125) (layer F.SilkS) (width 0.12))
    (fp_line (start 2.5 -1.6125) (end 2.5 -0.4125) (layer F.SilkS) (width 0.12))
    (fp_line (start 2.5 -0.4125) (end 2.5 -0.4125) (layer F.SilkS) (width 0.12))
    (fp_line (start 2.5 -0.4125) (end 2.5 -1.6125) (layer F.SilkS) (width 0.12))
    (fp_line (start 2.5 -1.6125) (end 2.5 -1.6125) (layer F.SilkS) (width 0.12))
    (fp_line (start 2.5 -1.1125) (end 2.5 -1.1125) (layer F.SilkS) (width 0.12))
    (fp_line (start 2.5 -1.1125) (end 3 -1.1125) (layer F.SilkS) (width 0.12))
    (fp_line (start 3 -1.1125) (end 3 -1.1125) (layer F.SilkS) (width 0.12))
    (fp_line (start 3 -1.1125) (end 2.5 -1.1125) (layer F.SilkS) (width 0.12))
    (fp_line (start 2.5 -0.4125) (end 2.5 -0.4125) (layer F.SilkS) (width 0.12))
    (fp_line (start 2.5 -0.4125) (end 3 -0.4125) (layer F.SilkS) (width 0.12))
    (fp_line (start 3 -0.4125) (end 3 -0.4125) (layer F.SilkS) (width 0.12))
    (fp_line (start 3 -0.4125) (end 2.5 -0.4125) (layer F.SilkS) (width 0.12))
    (fp_line (start -3.9 3.35) (end -3.9 -3.25) (layer F.CrtYd) (width 0.05))
    (fp_line (start -3.9 -3.25) (end 3.9 -3.25) (layer F.CrtYd) (width 0.05))
    (fp_line (start 3.9 -3.25) (end 3.9 3.35) (layer F.CrtYd) (width 0.05))
    (fp_line (start 3.9 3.35) (end -3.9 3.35) (layer F.CrtYd) (width 0.05))
    (pad "" smd rect (at 2.8 1.9375 90) (size 1.2 1.8) (layers F.Cu F.Paste F.Mask))
    (pad "" smd rect (at -2.8 1.9375 90) (size 1.2 1.8) (layers F.Cu F.Paste F.Mask))
    (pad 4 smd rect (at 1.5 -1.9375 90) (size 0.6 1.55) (layers F.Cu F.Paste F.Mask)
      (net 76 /I2C2_SCL))
    (pad 3 smd rect (at 0.5 -1.9375 90) (size 0.6 1.55) (layers F.Cu F.Paste F.Mask)
      (net 75 /I2C2_SDA))
    (pad 2 smd rect (at -0.5 -1.9375 90) (size 0.6 1.55) (layers F.Cu F.Paste F.Mask)
      (net 126 "Net-(FB2-Pad2)"))
    (pad 1 smd rect (at -1.5 -1.9375 90) (size 0.6 1.55) (layers F.Cu F.Paste F.Mask)
      (net 1 GND))
    (model ${KISYS3DMOD}/Connector_JST.3dshapes/JST_GH_SM04B-GHS-TB_1x04-1MP_P1.25mm_Horizontal.wrl
      (at (xyz 0 0 0))
      (scale (xyz 0.8 1 0.8))
      (rotate (xyz 0 0 0))
    )
  )

  (module Connectors_Terminal_Blocks:TerminalBlock_bornier-2_P5.08mm (layer F.Cu) (tedit 59FF03AB) (tstamp 600223C4)
    (at 182 44 180)
    (descr "simple 2-pin terminal block, pitch 5.08mm, revamped version of bornier2")
    (tags "terminal block bornier2")
    (path /5FDF6CF5/612457B2)
    (fp_text reference J4 (at 0 -6.5) (layer F.SilkS)
      (effects (font (size 1 1) (thickness 0.15)))
    )
    (fp_text value "5V Input" (at 2.54 5.08) (layer F.Fab)
      (effects (font (size 1 1) (thickness 0.15)))
    )
    (fp_line (start 7.79 4) (end -2.71 4) (layer F.CrtYd) (width 0.05))
    (fp_line (start 7.79 4) (end 7.79 -4) (layer F.CrtYd) (width 0.05))
    (fp_line (start -2.71 -4) (end -2.71 4) (layer F.CrtYd) (width 0.05))
    (fp_line (start -2.71 -4) (end 7.79 -4) (layer F.CrtYd) (width 0.05))
    (fp_line (start -2.54 3.81) (end 7.62 3.81) (layer F.SilkS) (width 0.12))
    (fp_line (start -2.54 -3.81) (end -2.54 3.81) (layer F.SilkS) (width 0.12))
    (fp_line (start 7.62 -3.81) (end -2.54 -3.81) (layer F.SilkS) (width 0.12))
    (fp_line (start 7.62 3.81) (end 7.62 -3.81) (layer F.SilkS) (width 0.12))
    (fp_line (start 7.62 2.54) (end -2.54 2.54) (layer F.SilkS) (width 0.12))
    (fp_line (start 7.54 -3.75) (end -2.46 -3.75) (layer F.Fab) (width 0.1))
    (fp_line (start 7.54 3.75) (end 7.54 -3.75) (layer F.Fab) (width 0.1))
    (fp_line (start -2.46 3.75) (end 7.54 3.75) (layer F.Fab) (width 0.1))
    (fp_line (start -2.46 -3.75) (end -2.46 3.75) (layer F.Fab) (width 0.1))
    (fp_line (start -2.41 2.55) (end 7.49 2.55) (layer F.Fab) (width 0.1))
    (fp_text user %R (at 2.54 0) (layer F.Fab)
      (effects (font (size 1 1) (thickness 0.15)))
    )
    (pad 2 thru_hole circle (at 5.08 0 180) (size 3 3) (drill 1.52) (layers *.Cu *.Mask)
      (net 93 "Net-(J4-Pad2)"))
    (pad 1 thru_hole rect (at 0 0 180) (size 3 3) (drill 1.52) (layers *.Cu *.Mask)
      (net 1 GND))
    (model ${KISYS3DMOD}/Terminal_Blocks.3dshapes/TerminalBlock_bornier-2_P5.08mm.wrl
      (offset (xyz 2.539999961853027 0 0))
      (scale (xyz 1 1 1))
      (rotate (xyz 0 0 0))
    )
    (model ${KISYS3DMOD}/TerminalBlock_Phoenix.3dshapes/TerminalBlock_Phoenix_MKDS-1,5-2-5.08_1x02_P5.08mm_Horizontal.step
      (at (xyz 0 0 0))
      (scale (xyz 1 1 1))
      (rotate (xyz 0 0 0))
    )
  )

  (module footprints:RJ45_DOUBLE (layer F.Cu) (tedit 5FD30312) (tstamp 5FD342A6)
    (at 107.5 58.5 270)
    (tags RJ45)
    (path /63B2BEF0)
    (fp_text reference J7 (at -1.905 -12.065 180) (layer F.SilkS)
      (effects (font (size 1 1) (thickness 0.15)))
    )
    (fp_text value 8P8CDouble (at 4.59 6.25 90) (layer F.Fab)
      (effects (font (size 1 1) (thickness 0.15)))
    )
    (fp_line (start -3.17 16.85) (end 12.07 16.85) (layer F.SilkS) (width 0.12))
    (fp_line (start 12.07 -10.85) (end 12.06 5.18) (layer F.SilkS) (width 0.12))
    (fp_line (start 12.07 -10.85) (end -3.17 -10.85) (layer F.SilkS) (width 0.12))
    (fp_line (start -3.17 -10.85) (end -3.17 5.19) (layer F.SilkS) (width 0.12))
    (fp_line (start 12.06 7.52) (end 12.07 16.85) (layer F.SilkS) (width 0.12))
    (fp_line (start -3.17 7.51) (end -3.17 16.85) (layer F.SilkS) (width 0.12))
    (fp_line (start -3.56 -11.1) (end 12.46 -11.1) (layer F.CrtYd) (width 0.05))
    (fp_line (start -3.56 -11.1) (end -3.56 17.1) (layer F.CrtYd) (width 0.05))
    (fp_line (start 12.46 17.1) (end 12.46 -11.1) (layer F.CrtYd) (width 0.05))
    (fp_line (start 12.46 17.1) (end -3.56 17.1) (layer F.CrtYd) (width 0.05))
    (pad 15 thru_hole circle (at 1.27 -9.14 90) (size 1.5 1.5) (drill 0.9) (layers *.Cu *.Mask)
      (net 41 /LINK2_Z))
    (pad 16 thru_hole circle (at 0 -6.6 90) (size 1.5 1.5) (drill 0.9) (layers *.Cu *.Mask)
      (net 40 /LINK2_Y))
    (pad 9 thru_hole rect (at 8.89 -9.14 90) (size 1.5 1.5) (drill 0.9) (layers *.Cu *.Mask)
      (net 42 /LINK2_A))
    (pad 13 thru_hole circle (at 3.81 -9.14 90) (size 1.5 1.5) (drill 0.9) (layers *.Cu *.Mask)
      (net 95 PWR2))
    (pad 12 thru_hole circle (at 5.08 -6.6 90) (size 1.5 1.5) (drill 0.9) (layers *.Cu *.Mask)
      (net 1 GND))
    (pad 11 thru_hole circle (at 6.35 -9.14 90) (size 1.5 1.5) (drill 0.9) (layers *.Cu *.Mask)
      (net 95 PWR2))
    (pad 10 thru_hole circle (at 7.62 -6.6 90) (size 1.5 1.5) (drill 0.9) (layers *.Cu *.Mask)
      (net 43 /LINK2_B))
    (pad 14 thru_hole circle (at 2.54 -6.6 90) (size 1.5 1.5) (drill 0.9) (layers *.Cu *.Mask)
      (net 1 GND))
    (pad "" np_thru_hole circle (at 10.16 6.35 270) (size 3.6 3.6) (drill 3.2) (layers *.Cu *.SilkS *.Mask))
    (pad "" np_thru_hole circle (at -1.27 6.35 270) (size 3.6 3.6) (drill 3.2) (layers *.Cu *.SilkS *.Mask))
    (pad 1 thru_hole rect (at 0 0 270) (size 1.5 1.5) (drill 0.9) (layers *.Cu *.Mask)
      (net 37 /LINK1_A))
    (pad 2 thru_hole circle (at 1.27 -2.54 270) (size 1.5 1.5) (drill 0.9) (layers *.Cu *.Mask)
      (net 36 /LINK1_B))
    (pad 3 thru_hole circle (at 2.54 0 270) (size 1.5 1.5) (drill 0.9) (layers *.Cu *.Mask)
      (net 94 PWR1))
    (pad 4 thru_hole circle (at 3.81 -2.54 270) (size 1.5 1.5) (drill 0.9) (layers *.Cu *.Mask)
      (net 1 GND))
    (pad 5 thru_hole circle (at 5.08 0 270) (size 1.5 1.5) (drill 0.9) (layers *.Cu *.Mask)
      (net 94 PWR1))
    (pad 6 thru_hole circle (at 6.35 -2.54 270) (size 1.5 1.5) (drill 0.9) (layers *.Cu *.Mask)
      (net 1 GND))
    (pad 7 thru_hole circle (at 7.62 0 270) (size 1.5 1.5) (drill 0.9) (layers *.Cu *.Mask)
      (net 38 /LINK1_Z))
    (pad 8 thru_hole circle (at 8.89 -2.54 270) (size 1.5 1.5) (drill 0.9) (layers *.Cu *.Mask)
      (net 39 /LINK1_Y))
    (model ${KISYS3DMOD}/Connectors.3dshapes/RJ45_8.wrl
      (offset (xyz 4.571999931335449 -6.349999904632568 0))
      (scale (xyz 0.4 0.4 0.4))
      (rotate (xyz 0 0 0))
    )
  )

  (module footprints:RJ45_DOUBLE (layer F.Cu) (tedit 5FD30312) (tstamp 5FD346EC)
    (at 107.5 110.5 270)
    (tags RJ45)
    (path /644DBE70)
    (fp_text reference J10 (at 10.795 -12.7 180) (layer F.SilkS)
      (effects (font (size 1 1) (thickness 0.15)))
    )
    (fp_text value 8P8CDouble (at 4.59 6.25 90) (layer F.Fab)
      (effects (font (size 1 1) (thickness 0.15)))
    )
    (fp_line (start 12.46 17.1) (end -3.56 17.1) (layer F.CrtYd) (width 0.05))
    (fp_line (start 12.46 17.1) (end 12.46 -11.1) (layer F.CrtYd) (width 0.05))
    (fp_line (start -3.56 -11.1) (end -3.56 17.1) (layer F.CrtYd) (width 0.05))
    (fp_line (start -3.56 -11.1) (end 12.46 -11.1) (layer F.CrtYd) (width 0.05))
    (fp_line (start -3.17 7.51) (end -3.17 16.85) (layer F.SilkS) (width 0.12))
    (fp_line (start 12.06 7.52) (end 12.07 16.85) (layer F.SilkS) (width 0.12))
    (fp_line (start -3.17 -10.85) (end -3.17 5.19) (layer F.SilkS) (width 0.12))
    (fp_line (start 12.07 -10.85) (end -3.17 -10.85) (layer F.SilkS) (width 0.12))
    (fp_line (start 12.07 -10.85) (end 12.06 5.18) (layer F.SilkS) (width 0.12))
    (fp_line (start -3.17 16.85) (end 12.07 16.85) (layer F.SilkS) (width 0.12))
    (pad 8 thru_hole circle (at 8.89 -2.54 270) (size 1.5 1.5) (drill 0.9) (layers *.Cu *.Mask)
      (net 60 /LINK7_Y))
    (pad 7 thru_hole circle (at 7.62 0 270) (size 1.5 1.5) (drill 0.9) (layers *.Cu *.Mask)
      (net 61 /LINK7_Z))
    (pad 6 thru_hole circle (at 6.35 -2.54 270) (size 1.5 1.5) (drill 0.9) (layers *.Cu *.Mask)
      (net 1 GND))
    (pad 5 thru_hole circle (at 5.08 0 270) (size 1.5 1.5) (drill 0.9) (layers *.Cu *.Mask)
      (net 100 PWR7))
    (pad 4 thru_hole circle (at 3.81 -2.54 270) (size 1.5 1.5) (drill 0.9) (layers *.Cu *.Mask)
      (net 1 GND))
    (pad 3 thru_hole circle (at 2.54 0 270) (size 1.5 1.5) (drill 0.9) (layers *.Cu *.Mask)
      (net 100 PWR7))
    (pad 2 thru_hole circle (at 1.27 -2.54 270) (size 1.5 1.5) (drill 0.9) (layers *.Cu *.Mask)
      (net 63 /LINK7_B))
    (pad 1 thru_hole rect (at 0 0 270) (size 1.5 1.5) (drill 0.9) (layers *.Cu *.Mask)
      (net 62 /LINK7_A))
    (pad "" np_thru_hole circle (at -1.27 6.35 270) (size 3.6 3.6) (drill 3.2) (layers *.Cu *.SilkS *.Mask))
    (pad "" np_thru_hole circle (at 10.16 6.35 270) (size 3.6 3.6) (drill 3.2) (layers *.Cu *.SilkS *.Mask))
    (pad 14 thru_hole circle (at 2.54 -6.6 90) (size 1.5 1.5) (drill 0.9) (layers *.Cu *.Mask)
      (net 1 GND))
    (pad 10 thru_hole circle (at 7.62 -6.6 90) (size 1.5 1.5) (drill 0.9) (layers *.Cu *.Mask)
      (net 65 /LINK8_B))
    (pad 11 thru_hole circle (at 6.35 -9.14 90) (size 1.5 1.5) (drill 0.9) (layers *.Cu *.Mask)
      (net 101 PWR8))
    (pad 12 thru_hole circle (at 5.08 -6.6 90) (size 1.5 1.5) (drill 0.9) (layers *.Cu *.Mask)
      (net 1 GND))
    (pad 13 thru_hole circle (at 3.81 -9.14 90) (size 1.5 1.5) (drill 0.9) (layers *.Cu *.Mask)
      (net 101 PWR8))
    (pad 9 thru_hole rect (at 8.89 -9.14 90) (size 1.5 1.5) (drill 0.9) (layers *.Cu *.Mask)
      (net 64 /LINK8_A))
    (pad 16 thru_hole circle (at 0 -6.6 90) (size 1.5 1.5) (drill 0.9) (layers *.Cu *.Mask)
      (net 66 /LINK8_Y))
    (pad 15 thru_hole circle (at 1.27 -9.14 90) (size 1.5 1.5) (drill 0.9) (layers *.Cu *.Mask)
      (net 67 /LINK8_Z))
    (model ${KISYS3DMOD}/Connectors.3dshapes/RJ45_8.wrl
      (offset (xyz 4.571999931335449 -6.349999904632568 0))
      (scale (xyz 0.4 0.4 0.4))
      (rotate (xyz 0 0 0))
    )
  )

  (module Capacitors_SMD:C_0805 (layer F.Cu) (tedit 58AA8463) (tstamp 5FD3057B)
    (at 164.686 101.474 180)
    (descr "Capacitor SMD 0805, reflow soldering, AVX (see smccp.pdf)")
    (tags "capacitor 0805")
    (path /5FC42E43)
    (attr smd)
    (fp_text reference C1 (at -1.016 -1.651) (layer F.SilkS)
      (effects (font (size 1 1) (thickness 0.15)))
    )
    (fp_text value 4.7uF (at 0 1.75) (layer F.Fab)
      (effects (font (size 1 1) (thickness 0.15)))
    )
    (fp_line (start -1 0.62) (end -1 -0.62) (layer F.Fab) (width 0.1))
    (fp_line (start 1 0.62) (end -1 0.62) (layer F.Fab) (width 0.1))
    (fp_line (start 1 -0.62) (end 1 0.62) (layer F.Fab) (width 0.1))
    (fp_line (start -1 -0.62) (end 1 -0.62) (layer F.Fab) (width 0.1))
    (fp_line (start 0.5 -0.85) (end -0.5 -0.85) (layer F.SilkS) (width 0.12))
    (fp_line (start -0.5 0.85) (end 0.5 0.85) (layer F.SilkS) (width 0.12))
    (fp_line (start -1.75 -0.88) (end 1.75 -0.88) (layer F.CrtYd) (width 0.05))
    (fp_line (start -1.75 -0.88) (end -1.75 0.87) (layer F.CrtYd) (width 0.05))
    (fp_line (start 1.75 0.87) (end 1.75 -0.88) (layer F.CrtYd) (width 0.05))
    (fp_line (start 1.75 0.87) (end -1.75 0.87) (layer F.CrtYd) (width 0.05))
    (fp_text user %R (at 0 -1.5) (layer F.Fab)
      (effects (font (size 1 1) (thickness 0.15)))
    )
    (pad 2 smd rect (at 1 0 180) (size 1 1.25) (layers F.Cu F.Paste F.Mask)
      (net 1 GND))
    (pad 1 smd rect (at -1 0 180) (size 1 1.25) (layers F.Cu F.Paste F.Mask)
      (net 2 +3V3))
    (model Capacitors_SMD.3dshapes/C_0805.wrl
      (at (xyz 0 0 0))
      (scale (xyz 1 1 1))
      (rotate (xyz 0 0 0))
    )
    (model ${KISYS3DMOD}/Capacitor_SMD.3dshapes/C_0805_2012Metric.step
      (at (xyz 0 0 0))
      (scale (xyz 1 1 1))
      (rotate (xyz 0 0 0))
    )
  )

  (module Capacitors_SMD:C_0805 (layer F.Cu) (tedit 58AA8463) (tstamp 5FD44800)
    (at 150.75 98.75 270)
    (descr "Capacitor SMD 0805, reflow soldering, AVX (see smccp.pdf)")
    (tags "capacitor 0805")
    (path /5FC43CD5)
    (attr smd)
    (fp_text reference C2 (at 0 1.524 90) (layer F.SilkS)
      (effects (font (size 1 1) (thickness 0.15)))
    )
    (fp_text value DC6 (at 0 1.75 90) (layer F.Fab)
      (effects (font (size 1 1) (thickness 0.15)))
    )
    (fp_line (start 1.75 0.87) (end -1.75 0.87) (layer F.CrtYd) (width 0.05))
    (fp_line (start 1.75 0.87) (end 1.75 -0.88) (layer F.CrtYd) (width 0.05))
    (fp_line (start -1.75 -0.88) (end -1.75 0.87) (layer F.CrtYd) (width 0.05))
    (fp_line (start -1.75 -0.88) (end 1.75 -0.88) (layer F.CrtYd) (width 0.05))
    (fp_line (start -0.5 0.85) (end 0.5 0.85) (layer F.SilkS) (width 0.12))
    (fp_line (start 0.5 -0.85) (end -0.5 -0.85) (layer F.SilkS) (width 0.12))
    (fp_line (start -1 -0.62) (end 1 -0.62) (layer F.Fab) (width 0.1))
    (fp_line (start 1 -0.62) (end 1 0.62) (layer F.Fab) (width 0.1))
    (fp_line (start 1 0.62) (end -1 0.62) (layer F.Fab) (width 0.1))
    (fp_line (start -1 0.62) (end -1 -0.62) (layer F.Fab) (width 0.1))
    (fp_text user %R (at 0 -1.5 90) (layer F.Fab)
      (effects (font (size 1 1) (thickness 0.15)))
    )
    (pad 1 smd rect (at -1 0 270) (size 1 1.25) (layers F.Cu F.Paste F.Mask)
      (net 139 +BATT))
    (pad 2 smd rect (at 1 0 270) (size 1 1.25) (layers F.Cu F.Paste F.Mask)
      (net 1 GND))
    (model Capacitors_SMD.3dshapes/C_0805.wrl
      (at (xyz 0 0 0))
      (scale (xyz 1 1 1))
      (rotate (xyz 0 0 0))
    )
    (model ${KISYS3DMOD}/Capacitor_SMD.3dshapes/C_0805_2012Metric.step
      (at (xyz 0 0 0))
      (scale (xyz 1 1 1))
      (rotate (xyz 0 0 0))
    )
  )

  (module Capacitors_SMD:C_0805 (layer F.Cu) (tedit 58AA8463) (tstamp 5FD3045B)
    (at 155.034 98.172 180)
    (descr "Capacitor SMD 0805, reflow soldering, AVX (see smccp.pdf)")
    (tags "capacitor 0805")
    (path /5FC44416)
    (attr smd)
    (fp_text reference C3 (at 0 -1.5) (layer F.SilkS)
      (effects (font (size 1 1) (thickness 0.15)))
    )
    (fp_text value DC17 (at 0 1.75) (layer F.Fab)
      (effects (font (size 1 1) (thickness 0.15)))
    )
    (fp_line (start -1 0.62) (end -1 -0.62) (layer F.Fab) (width 0.1))
    (fp_line (start 1 0.62) (end -1 0.62) (layer F.Fab) (width 0.1))
    (fp_line (start 1 -0.62) (end 1 0.62) (layer F.Fab) (width 0.1))
    (fp_line (start -1 -0.62) (end 1 -0.62) (layer F.Fab) (width 0.1))
    (fp_line (start 0.5 -0.85) (end -0.5 -0.85) (layer F.SilkS) (width 0.12))
    (fp_line (start -0.5 0.85) (end 0.5 0.85) (layer F.SilkS) (width 0.12))
    (fp_line (start -1.75 -0.88) (end 1.75 -0.88) (layer F.CrtYd) (width 0.05))
    (fp_line (start -1.75 -0.88) (end -1.75 0.87) (layer F.CrtYd) (width 0.05))
    (fp_line (start 1.75 0.87) (end 1.75 -0.88) (layer F.CrtYd) (width 0.05))
    (fp_line (start 1.75 0.87) (end -1.75 0.87) (layer F.CrtYd) (width 0.05))
    (fp_text user %R (at 0 -1.5) (layer F.Fab)
      (effects (font (size 1 1) (thickness 0.15)))
    )
    (pad 2 smd rect (at 1 0 180) (size 1 1.25) (layers F.Cu F.Paste F.Mask)
      (net 1 GND))
    (pad 1 smd rect (at -1 0 180) (size 1 1.25) (layers F.Cu F.Paste F.Mask)
      (net 2 +3V3))
    (model Capacitors_SMD.3dshapes/C_0805.wrl
      (at (xyz 0 0 0))
      (scale (xyz 1 1 1))
      (rotate (xyz 0 0 0))
    )
    (model ${KISYS3DMOD}/Capacitor_SMD.3dshapes/C_0805_2012Metric.step
      (at (xyz 0 0 0))
      (scale (xyz 1 1 1))
      (rotate (xyz 0 0 0))
    )
  )

  (module Capacitors_SMD:C_0805 (layer F.Cu) (tedit 58AA8463) (tstamp 5FD3051B)
    (at 161.892 98.172)
    (descr "Capacitor SMD 0805, reflow soldering, AVX (see smccp.pdf)")
    (tags "capacitor 0805")
    (path /5FC448B5)
    (attr smd)
    (fp_text reference C4 (at 0 1.524) (layer F.SilkS)
      (effects (font (size 1 1) (thickness 0.15)))
    )
    (fp_text value DC30 (at 0 1.75) (layer F.Fab)
      (effects (font (size 1 1) (thickness 0.15)))
    )
    (fp_line (start 1.75 0.87) (end -1.75 0.87) (layer F.CrtYd) (width 0.05))
    (fp_line (start 1.75 0.87) (end 1.75 -0.88) (layer F.CrtYd) (width 0.05))
    (fp_line (start -1.75 -0.88) (end -1.75 0.87) (layer F.CrtYd) (width 0.05))
    (fp_line (start -1.75 -0.88) (end 1.75 -0.88) (layer F.CrtYd) (width 0.05))
    (fp_line (start -0.5 0.85) (end 0.5 0.85) (layer F.SilkS) (width 0.12))
    (fp_line (start 0.5 -0.85) (end -0.5 -0.85) (layer F.SilkS) (width 0.12))
    (fp_line (start -1 -0.62) (end 1 -0.62) (layer F.Fab) (width 0.1))
    (fp_line (start 1 -0.62) (end 1 0.62) (layer F.Fab) (width 0.1))
    (fp_line (start 1 0.62) (end -1 0.62) (layer F.Fab) (width 0.1))
    (fp_line (start -1 0.62) (end -1 -0.62) (layer F.Fab) (width 0.1))
    (fp_text user %R (at 0 -1.5) (layer F.Fab)
      (effects (font (size 1 1) (thickness 0.15)))
    )
    (pad 1 smd rect (at -1 0) (size 1 1.25) (layers F.Cu F.Paste F.Mask)
      (net 2 +3V3))
    (pad 2 smd rect (at 1 0) (size 1 1.25) (layers F.Cu F.Paste F.Mask)
      (net 1 GND))
    (model Capacitors_SMD.3dshapes/C_0805.wrl
      (at (xyz 0 0 0))
      (scale (xyz 1 1 1))
      (rotate (xyz 0 0 0))
    )
    (model ${KISYS3DMOD}/Capacitor_SMD.3dshapes/C_0805_2012Metric.step
      (at (xyz 0 0 0))
      (scale (xyz 1 1 1))
      (rotate (xyz 0 0 0))
    )
  )

  (module Capacitors_SMD:C_0805 (layer F.Cu) (tedit 58AA8463) (tstamp 5FD3048B)
    (at 165.448 98.172 180)
    (descr "Capacitor SMD 0805, reflow soldering, AVX (see smccp.pdf)")
    (tags "capacitor 0805")
    (path /5FC44E11)
    (attr smd)
    (fp_text reference C5 (at 0 -1.5) (layer F.SilkS)
      (effects (font (size 1 1) (thickness 0.15)))
    )
    (fp_text value DC33 (at 0 1.75) (layer F.Fab)
      (effects (font (size 1 1) (thickness 0.15)))
    )
    (fp_line (start -1 0.62) (end -1 -0.62) (layer F.Fab) (width 0.1))
    (fp_line (start 1 0.62) (end -1 0.62) (layer F.Fab) (width 0.1))
    (fp_line (start 1 -0.62) (end 1 0.62) (layer F.Fab) (width 0.1))
    (fp_line (start -1 -0.62) (end 1 -0.62) (layer F.Fab) (width 0.1))
    (fp_line (start 0.5 -0.85) (end -0.5 -0.85) (layer F.SilkS) (width 0.12))
    (fp_line (start -0.5 0.85) (end 0.5 0.85) (layer F.SilkS) (width 0.12))
    (fp_line (start -1.75 -0.88) (end 1.75 -0.88) (layer F.CrtYd) (width 0.05))
    (fp_line (start -1.75 -0.88) (end -1.75 0.87) (layer F.CrtYd) (width 0.05))
    (fp_line (start 1.75 0.87) (end 1.75 -0.88) (layer F.CrtYd) (width 0.05))
    (fp_line (start 1.75 0.87) (end -1.75 0.87) (layer F.CrtYd) (width 0.05))
    (fp_text user %R (at 0 -1.5) (layer F.Fab)
      (effects (font (size 1 1) (thickness 0.15)))
    )
    (pad 2 smd rect (at 1 0 180) (size 1 1.25) (layers F.Cu F.Paste F.Mask)
      (net 1 GND))
    (pad 1 smd rect (at -1 0 180) (size 1 1.25) (layers F.Cu F.Paste F.Mask)
      (net 2 +3V3))
    (model Capacitors_SMD.3dshapes/C_0805.wrl
      (at (xyz 0 0 0))
      (scale (xyz 1 1 1))
      (rotate (xyz 0 0 0))
    )
    (model ${KISYS3DMOD}/Capacitor_SMD.3dshapes/C_0805_2012Metric.step
      (at (xyz 0 0 0))
      (scale (xyz 1 1 1))
      (rotate (xyz 0 0 0))
    )
  )

  (module Capacitors_SMD:C_0805 (layer F.Cu) (tedit 58AA8463) (tstamp 5FD303FB)
    (at 171.036 92.53 270)
    (descr "Capacitor SMD 0805, reflow soldering, AVX (see smccp.pdf)")
    (tags "capacitor 0805")
    (path /5FC451FC)
    (attr smd)
    (fp_text reference C6 (at 0 -1.5 90) (layer F.SilkS)
      (effects (font (size 1 1) (thickness 0.15)))
    )
    (fp_text value DC39 (at 0 1.75 90) (layer F.Fab)
      (effects (font (size 1 1) (thickness 0.15)))
    )
    (fp_line (start 1.75 0.87) (end -1.75 0.87) (layer F.CrtYd) (width 0.05))
    (fp_line (start 1.75 0.87) (end 1.75 -0.88) (layer F.CrtYd) (width 0.05))
    (fp_line (start -1.75 -0.88) (end -1.75 0.87) (layer F.CrtYd) (width 0.05))
    (fp_line (start -1.75 -0.88) (end 1.75 -0.88) (layer F.CrtYd) (width 0.05))
    (fp_line (start -0.5 0.85) (end 0.5 0.85) (layer F.SilkS) (width 0.12))
    (fp_line (start 0.5 -0.85) (end -0.5 -0.85) (layer F.SilkS) (width 0.12))
    (fp_line (start -1 -0.62) (end 1 -0.62) (layer F.Fab) (width 0.1))
    (fp_line (start 1 -0.62) (end 1 0.62) (layer F.Fab) (width 0.1))
    (fp_line (start 1 0.62) (end -1 0.62) (layer F.Fab) (width 0.1))
    (fp_line (start -1 0.62) (end -1 -0.62) (layer F.Fab) (width 0.1))
    (fp_text user %R (at 0 -1.5 90) (layer F.Fab)
      (effects (font (size 1 1) (thickness 0.15)))
    )
    (pad 1 smd rect (at -1 0 270) (size 1 1.25) (layers F.Cu F.Paste F.Mask)
      (net 2 +3V3))
    (pad 2 smd rect (at 1 0 270) (size 1 1.25) (layers F.Cu F.Paste F.Mask)
      (net 1 GND))
    (model Capacitors_SMD.3dshapes/C_0805.wrl
      (at (xyz 0 0 0))
      (scale (xyz 1 1 1))
      (rotate (xyz 0 0 0))
    )
    (model ${KISYS3DMOD}/Capacitor_SMD.3dshapes/C_0805_2012Metric.step
      (at (xyz 0 0 0))
      (scale (xyz 1 1 1))
      (rotate (xyz 0 0 0))
    )
  )

  (module Capacitors_SMD:C_0805 (layer F.Cu) (tedit 58AA8463) (tstamp 5FD304EB)
    (at 171.036 85.472 270)
    (descr "Capacitor SMD 0805, reflow soldering, AVX (see smccp.pdf)")
    (tags "capacitor 0805")
    (path /5FC48801)
    (attr smd)
    (fp_text reference C7 (at -0.635 -1.651 90) (layer F.SilkS)
      (effects (font (size 1 1) (thickness 0.15)))
    )
    (fp_text value DC52 (at 0 1.75 90) (layer F.Fab)
      (effects (font (size 1 1) (thickness 0.15)))
    )
    (fp_line (start -1 0.62) (end -1 -0.62) (layer F.Fab) (width 0.1))
    (fp_line (start 1 0.62) (end -1 0.62) (layer F.Fab) (width 0.1))
    (fp_line (start 1 -0.62) (end 1 0.62) (layer F.Fab) (width 0.1))
    (fp_line (start -1 -0.62) (end 1 -0.62) (layer F.Fab) (width 0.1))
    (fp_line (start 0.5 -0.85) (end -0.5 -0.85) (layer F.SilkS) (width 0.12))
    (fp_line (start -0.5 0.85) (end 0.5 0.85) (layer F.SilkS) (width 0.12))
    (fp_line (start -1.75 -0.88) (end 1.75 -0.88) (layer F.CrtYd) (width 0.05))
    (fp_line (start -1.75 -0.88) (end -1.75 0.87) (layer F.CrtYd) (width 0.05))
    (fp_line (start 1.75 0.87) (end 1.75 -0.88) (layer F.CrtYd) (width 0.05))
    (fp_line (start 1.75 0.87) (end -1.75 0.87) (layer F.CrtYd) (width 0.05))
    (fp_text user %R (at 0 -1.5 90) (layer F.Fab)
      (effects (font (size 1 1) (thickness 0.15)))
    )
    (pad 2 smd rect (at 1 0 270) (size 1 1.25) (layers F.Cu F.Paste F.Mask)
      (net 1 GND))
    (pad 1 smd rect (at -1 0 270) (size 1 1.25) (layers F.Cu F.Paste F.Mask)
      (net 2 +3V3))
    (model Capacitors_SMD.3dshapes/C_0805.wrl
      (at (xyz 0 0 0))
      (scale (xyz 1 1 1))
      (rotate (xyz 0 0 0))
    )
    (model ${KISYS3DMOD}/Capacitor_SMD.3dshapes/C_0805_2012Metric.step
      (at (xyz 0 0 0))
      (scale (xyz 1 1 1))
      (rotate (xyz 0 0 0))
    )
  )

  (module Capacitors_SMD:C_0805 (layer F.Cu) (tedit 58AA8463) (tstamp 5FD305DB)
    (at 171.036 80.646 270)
    (descr "Capacitor SMD 0805, reflow soldering, AVX (see smccp.pdf)")
    (tags "capacitor 0805")
    (path /5FC48807)
    (attr smd)
    (fp_text reference C8 (at 0 -1.714 90) (layer F.SilkS)
      (effects (font (size 1 1) (thickness 0.15)))
    )
    (fp_text value DC62 (at 0 1.75 90) (layer F.Fab)
      (effects (font (size 1 1) (thickness 0.15)))
    )
    (fp_line (start 1.75 0.87) (end -1.75 0.87) (layer F.CrtYd) (width 0.05))
    (fp_line (start 1.75 0.87) (end 1.75 -0.88) (layer F.CrtYd) (width 0.05))
    (fp_line (start -1.75 -0.88) (end -1.75 0.87) (layer F.CrtYd) (width 0.05))
    (fp_line (start -1.75 -0.88) (end 1.75 -0.88) (layer F.CrtYd) (width 0.05))
    (fp_line (start -0.5 0.85) (end 0.5 0.85) (layer F.SilkS) (width 0.12))
    (fp_line (start 0.5 -0.85) (end -0.5 -0.85) (layer F.SilkS) (width 0.12))
    (fp_line (start -1 -0.62) (end 1 -0.62) (layer F.Fab) (width 0.1))
    (fp_line (start 1 -0.62) (end 1 0.62) (layer F.Fab) (width 0.1))
    (fp_line (start 1 0.62) (end -1 0.62) (layer F.Fab) (width 0.1))
    (fp_line (start -1 0.62) (end -1 -0.62) (layer F.Fab) (width 0.1))
    (fp_text user %R (at 0 -1.5 90) (layer F.Fab)
      (effects (font (size 1 1) (thickness 0.15)))
    )
    (pad 1 smd rect (at -1 0 270) (size 1 1.25) (layers F.Cu F.Paste F.Mask)
      (net 2 +3V3))
    (pad 2 smd rect (at 1 0 270) (size 1 1.25) (layers F.Cu F.Paste F.Mask)
      (net 1 GND))
    (model Capacitors_SMD.3dshapes/C_0805.wrl
      (at (xyz 0 0 0))
      (scale (xyz 1 1 1))
      (rotate (xyz 0 0 0))
    )
    (model ${KISYS3DMOD}/Capacitor_SMD.3dshapes/C_0805_2012Metric.step
      (at (xyz 0 0 0))
      (scale (xyz 1 1 1))
      (rotate (xyz 0 0 0))
    )
  )

  (module Capacitors_SMD:C_0805 (layer F.Cu) (tedit 58AA8463) (tstamp 5FD305AB)
    (at 171.548 74.804)
    (descr "Capacitor SMD 0805, reflow soldering, AVX (see smccp.pdf)")
    (tags "capacitor 0805")
    (path /5FC4880D)
    (attr smd)
    (fp_text reference C9 (at 1.202 -1.804) (layer F.SilkS)
      (effects (font (size 1 1) (thickness 0.15)))
    )
    (fp_text value DC72 (at 0 1.75) (layer F.Fab)
      (effects (font (size 1 1) (thickness 0.15)))
    )
    (fp_line (start -1 0.62) (end -1 -0.62) (layer F.Fab) (width 0.1))
    (fp_line (start 1 0.62) (end -1 0.62) (layer F.Fab) (width 0.1))
    (fp_line (start 1 -0.62) (end 1 0.62) (layer F.Fab) (width 0.1))
    (fp_line (start -1 -0.62) (end 1 -0.62) (layer F.Fab) (width 0.1))
    (fp_line (start 0.5 -0.85) (end -0.5 -0.85) (layer F.SilkS) (width 0.12))
    (fp_line (start -0.5 0.85) (end 0.5 0.85) (layer F.SilkS) (width 0.12))
    (fp_line (start -1.75 -0.88) (end 1.75 -0.88) (layer F.CrtYd) (width 0.05))
    (fp_line (start -1.75 -0.88) (end -1.75 0.87) (layer F.CrtYd) (width 0.05))
    (fp_line (start 1.75 0.87) (end 1.75 -0.88) (layer F.CrtYd) (width 0.05))
    (fp_line (start 1.75 0.87) (end -1.75 0.87) (layer F.CrtYd) (width 0.05))
    (fp_text user %R (at 0 -1.5) (layer F.Fab)
      (effects (font (size 1 1) (thickness 0.15)))
    )
    (pad 2 smd rect (at 1 0) (size 1 1.25) (layers F.Cu F.Paste F.Mask)
      (net 1 GND))
    (pad 1 smd rect (at -1 0) (size 1 1.25) (layers F.Cu F.Paste F.Mask)
      (net 2 +3V3))
    (model Capacitors_SMD.3dshapes/C_0805.wrl
      (at (xyz 0 0 0))
      (scale (xyz 1 1 1))
      (rotate (xyz 0 0 0))
    )
    (model ${KISYS3DMOD}/Capacitor_SMD.3dshapes/C_0805_2012Metric.step
      (at (xyz 0 0 0))
      (scale (xyz 1 1 1))
      (rotate (xyz 0 0 0))
    )
  )

  (module Capacitors_SMD:C_0805 (layer F.Cu) (tedit 58AA8463) (tstamp 5FD3054B)
    (at 160.876 70.486)
    (descr "Capacitor SMD 0805, reflow soldering, AVX (see smccp.pdf)")
    (tags "capacitor 0805")
    (path /5FC48813)
    (attr smd)
    (fp_text reference C10 (at 0 -1.5) (layer F.SilkS)
