(kicad_pcb (version 20171130) (host pcbnew "(5.1.7)-1")

  (general
    (thickness 1.6)
    (drawings 13)
    (tracks 959)
    (zones 0)
    (modules 125)
    (nets 94)
  )

  (page A4)
  (layers
    (0 F.Cu signal)
    (1 In1.Cu signal hide)
    (2 In2.Cu signal hide)
    (31 B.Cu signal)
    (32 B.Adhes user)
    (33 F.Adhes user)
    (34 B.Paste user)
    (35 F.Paste user)
    (36 B.SilkS user)
    (37 F.SilkS user)
    (38 B.Mask user)
    (39 F.Mask user)
    (40 Dwgs.User user)
    (41 Cmts.User user)
    (42 Eco1.User user)
    (43 Eco2.User user)
    (44 Edge.Cuts user)
    (45 Margin user)
    (46 B.CrtYd user)
    (47 F.CrtYd user)
    (48 B.Fab user hide)
    (49 F.Fab user hide)
  )

  (setup
    (last_trace_width 0.13)
    (user_trace_width 0.5)
    (user_trace_width 1)
    (trace_clearance 0.19)
    (zone_clearance 0.508)
    (zone_45_only no)
    (trace_min 0.13)
    (via_size 0.5)
    (via_drill 0.25)
    (via_min_size 0.5)
    (via_min_drill 0.25)
    (uvia_size 0.45)
    (uvia_drill 0.25)
    (uvias_allowed no)
    (uvia_min_size 0.45)
    (uvia_min_drill 0.25)
    (edge_width 0.05)
    (segment_width 0.2)
    (pcb_text_width 0.3)
    (pcb_text_size 1.5 1.5)
    (mod_edge_width 0.1524)
    (mod_text_size 1 1)
    (mod_text_width 0.1524)
    (pad_size 1.5 1.5)
    (pad_drill 0.7)
    (pad_to_mask_clearance 0)
    (aux_axis_origin 0 0)
    (visible_elements 7FFFFFFF)
    (pcbplotparams
      (layerselection 0x010fc_ffffffff)
      (usegerberextensions false)
      (usegerberattributes true)
      (usegerberadvancedattributes true)
      (creategerberjobfile true)
      (excludeedgelayer false)
      (linewidth 0.100000)
      (plotframeref false)
      (viasonmask false)
      (mode 1)
      (useauxorigin true)
      (hpglpennumber 1)
      (hpglpenspeed 20)
      (hpglpendiameter 15.000000)
      (psnegative false)
      (psa4output false)
      (plotreference true)
      (plotvalue true)
      (plotinvisibletext false)
      (padsonsilk false)
      (subtractmaskfromsilk false)
      (outputformat 1)
      (mirror false)
      (drillshape 0)
      (scaleselection 1)
      (outputdirectory "C:/Users/Jay Kominek/Dropbox/Piano Conversion/x/"))
  )

  (net 0 "")
  (net 1 +3.3VA)
  (net 2 GNDA)
  (net 3 +5V)
  (net 4 /VREF+)
  (net 5 +3V3)
  (net 6 GNDD)
  (net 7 /VCAP1)
  (net 8 /VCAP2)
  (net 9 "Net-(C49-Pad2)")
  (net 10 "Net-(C50-Pad2)")
  (net 11 "Net-(C52-Pad1)")
  (net 12 /LED1)
  (net 13 "Net-(D1-Pad1)")
  (net 14 "Net-(D2-Pad1)")
  (net 15 /LED2)
  (net 16 /LED3)
  (net 17 "Net-(D3-Pad1)")
  (net 18 "Net-(D4-Pad1)")
  (net 19 /LED4)
  (net 20 "/Analog Input/Sen22R")
  (net 21 "/Analog Input/Sen21R")
  (net 22 "/Analog Input/Sen20R")
  (net 23 "/Analog Input/Sen19R")
  (net 24 "/Analog Input/Sen18R")
  (net 25 "/Analog Input/Sen17R")
  (net 26 "/Analog Input/Sen16R")
  (net 27 "/Analog Input/Sen15R")
  (net 28 "/Analog Input/Sen14R")
  (net 29 "/Analog Input/Sen13R")
  (net 30 "/Analog Input/Sen12R")
  (net 31 "/Analog Input/Sen11R")
  (net 32 "/Analog Input/Sen10R")
  (net 33 "/Analog Input/Sen9R")
  (net 34 "/Analog Input/Sen8R")
  (net 35 "/Analog Input/Sen7R")
  (net 36 "/Analog Input/Sen6R")
  (net 37 "/Analog Input/Sen5R")
  (net 38 "/Analog Input/Sen4R")
  (net 39 "/Analog Input/Sen3R")
  (net 40 "/Analog Input/Sen2R")
  (net 41 "/Analog Input/Sen1R")
  (net 42 /NRST)
  (net 43 /JTDO)
  (net 44 /JTCK)
  (net 45 /JTMS)
  (net 46 /JTDI)
  (net 47 /JNTRST)
  (net 48 /USART1_TX)
  (net 49 /USART1_RX)
  (net 50 /USB_D-)
  (net 51 /USB_D+)
  (net 52 /RS485/A)
  (net 53 /RS485/B)
  (net 54 /RS485/Z)
  (net 55 /RS485/Y)
  (net 56 /BOOT0)
  (net 57 /Sen1)
  (net 58 /Sen2)
  (net 59 /Sen3)
  (net 60 /Sen4)
  (net 61 /Sen5)
  (net 62 /Sen6)
  (net 63 /Sen7)
  (net 64 /Sen8)
  (net 65 /Sen9)
  (net 66 /Sen10)
  (net 67 /Sen11)
  (net 68 /Sen12)
  (net 69 /Sen13)
  (net 70 /Sen14)
  (net 71 /Sen15)
  (net 72 /Sen16)
  (net 73 /Sen17)
  (net 74 /Sen18)
  (net 75 /Sen19)
  (net 76 /Sen20)
  (net 77 /Sen21)
  (net 78 /Sen22)
  (net 79 "Net-(TP23-Pad1)")
  (net 80 "Net-(TP24-Pad1)")
  (net 81 "Net-(TP25-Pad1)")
  (net 82 "Net-(TP26-Pad1)")
  (net 83 "Net-(TP27-Pad1)")
  (net 84 "Net-(TP28-Pad1)")
  (net 85 /USB_OTG_FS_D+)
  (net 86 /USB_OTG_FS_D-)
  (net 87 /USB_VBUS)
  (net 88 /VBUS_SENSE)
  (net 89 /USART3_TX)
  (net 90 /USART3_RX)
  (net 91 /USART2_TX)
  (net 92 /USART2_RX)
  (net 93 "Net-(FB1-Pad2)")

  (net_class Default "This is the default net class."
    (clearance 0.19)
    (trace_width 0.13)
    (via_dia 0.5)
    (via_drill 0.25)
    (uvia_dia 0.45)
    (uvia_drill 0.25)
    (add_net +3.3VA)
    (add_net +3V3)
    (add_net +5V)
    (add_net "/Analog Input/Sen10R")
    (add_net "/Analog Input/Sen11R")
    (add_net "/Analog Input/Sen12R")
    (add_net "/Analog Input/Sen13R")
    (add_net "/Analog Input/Sen14R")
    (add_net "/Analog Input/Sen15R")
    (add_net "/Analog Input/Sen16R")
    (add_net "/Analog Input/Sen17R")
    (add_net "/Analog Input/Sen18R")
    (add_net "/Analog Input/Sen19R")
    (add_net "/Analog Input/Sen1R")
    (add_net "/Analog Input/Sen20R")
    (add_net "/Analog Input/Sen21R")
    (add_net "/Analog Input/Sen22R")
    (add_net "/Analog Input/Sen2R")
    (add_net "/Analog Input/Sen3R")
    (add_net "/Analog Input/Sen4R")
    (add_net "/Analog Input/Sen5R")
    (add_net "/Analog Input/Sen6R")
    (add_net "/Analog Input/Sen7R")
    (add_net "/Analog Input/Sen8R")
    (add_net "/Analog Input/Sen9R")
    (add_net /BOOT0)
    (add_net /JNTRST)
    (add_net /JTCK)
    (add_net /JTDI)
    (add_net /JTDO)
    (add_net /JTMS)
    (add_net /LED1)
    (add_net /LED2)
    (add_net /LED3)
    (add_net /LED4)
    (add_net /NRST)
    (add_net /RS485/A)
    (add_net /RS485/B)
    (add_net /RS485/Y)
    (add_net /RS485/Z)
    (add_net /Sen1)
    (add_net /Sen10)
    (add_net /Sen11)
    (add_net /Sen12)
    (add_net /Sen13)
    (add_net /Sen14)
    (add_net /Sen15)
    (add_net /Sen16)
    (add_net /Sen17)
    (add_net /Sen18)
    (add_net /Sen19)
    (add_net /Sen2)
    (add_net /Sen20)
    (add_net /Sen21)
    (add_net /Sen22)
    (add_net /Sen3)
    (add_net /Sen4)
    (add_net /Sen5)
    (add_net /Sen6)
    (add_net /Sen7)
    (add_net /Sen8)
    (add_net /Sen9)
    (add_net /USART1_RX)
    (add_net /USART1_TX)
    (add_net /USART2_RX)
    (add_net /USART2_TX)
    (add_net /USART3_RX)
    (add_net /USART3_TX)
    (add_net /USB_D+)
    (add_net /USB_D-)
    (add_net /USB_OTG_FS_D+)
    (add_net /USB_OTG_FS_D-)
    (add_net /USB_VBUS)
    (add_net /VBUS_SENSE)
    (add_net /VCAP1)
    (add_net /VCAP2)
    (add_net /VREF+)
    (add_net GNDA)
    (add_net GNDD)
    (add_net "Net-(C49-Pad2)")
    (add_net "Net-(C50-Pad2)")
    (add_net "Net-(C52-Pad1)")
    (add_net "Net-(D1-Pad1)")
    (add_net "Net-(D2-Pad1)")
    (add_net "Net-(D3-Pad1)")
    (add_net "Net-(D4-Pad1)")
    (add_net "Net-(FB1-Pad2)")
    (add_net "Net-(TP23-Pad1)")
    (add_net "Net-(TP24-Pad1)")
    (add_net "Net-(TP25-Pad1)")
    (add_net "Net-(TP26-Pad1)")
    (add_net "Net-(TP27-Pad1)")
    (add_net "Net-(TP28-Pad1)")
  )

  (module Testpoint:TestPoint_THTPad_D1.5mm_Drill0.7mm (layer F.Cu) (tedit 5FB71B42) (tstamp 5FB71DF1)
    (at 72.39 116.84)
    (descr "THT pad as test Point, diameter 1.5mm, hole diameter 0.7mm")
    (tags "test point THT pad")
    (attr virtual)
    (fp_text reference GNDA (at 0 -1.648) (layer F.SilkS)
      (effects (font (size 1 1) (thickness 0.15)))
    )
    (fp_text value TestPoint_THTPad_D1.5mm_Drill0.7mm (at 0 1.75) (layer F.Fab)
      (effects (font (size 1 1) (thickness 0.15)))
    )
    (fp_text user %R (at 0 -1.65) (layer F.Fab)
      (effects (font (size 1 1) (thickness 0.15)))
    )
    (fp_circle (center 0 0) (end 1.25 0) (layer F.CrtYd) (width 0.05))
    (fp_circle (center 0 0) (end 0 0.95) (layer F.SilkS) (width 0.12))
    (pad 1 thru_hole circle (at 0 0) (size 1.5 1.5) (drill 0.7) (layers *.Cu *.Mask)
      (net 2 GNDA))
  )

  (module Testpoint:TestPoint_THTPad_D1.5mm_Drill0.7mm (layer F.Cu) (tedit 5FB71B3B) (tstamp 5FB71DE3)
    (at 72.39 111.125)
    (descr "THT pad as test Point, diameter 1.5mm, hole diameter 0.7mm")
    (tags "test point THT pad")
    (attr virtual)
    (fp_text reference 3.3VA (at 0 -1.648) (layer F.SilkS)
      (effects (font (size 1 1) (thickness 0.15)))
    )
    (fp_text value TestPoint_THTPad_D1.5mm_Drill0.7mm (at 0 1.75) (layer F.Fab)
      (effects (font (size 1 1) (thickness 0.15)))
    )
    (fp_circle (center 0 0) (end 0 0.95) (layer F.SilkS) (width 0.12))
    (fp_circle (center 0 0) (end 1.25 0) (layer F.CrtYd) (width 0.05))
    (fp_text user %R (at 0 -1.65) (layer F.Fab)
      (effects (font (size 1 1) (thickness 0.15)))
    )
    (pad 1 thru_hole circle (at 0 0) (size 1.5 1.5) (drill 0.7) (layers *.Cu *.Mask)
      (net 1 +3.3VA))
  )

  (module Testpoint:TestPoint_THTPad_D1.5mm_Drill0.7mm (layer F.Cu) (tedit 5FB71AF2) (tstamp 5FB71D4B)
    (at 99.1235 68.0466)
    (descr "THT pad as test Point, diameter 1.5mm, hole diameter 0.7mm")
    (tags "test point THT pad")
    (attr virtual)
    (fp_text reference 3.3V (at 0 -1.648) (layer F.SilkS)
      (effects (font (size 1 1) (thickness 0.15)))
    )
    (fp_text value TestPoint_THTPad_D1.5mm_Drill0.7mm (at 0 1.75) (layer F.Fab)
      (effects (font (size 1 1) (thickness 0.15)))
    )
    (fp_text user %R (at 0 -1.65) (layer F.Fab)
      (effects (font (size 1 1) (thickness 0.15)))
    )
    (fp_circle (center 0 0) (end 1.25 0) (layer F.CrtYd) (width 0.05))
    (fp_circle (center 0 0) (end 0 0.95) (layer F.SilkS) (width 0.12))
    (pad 1 thru_hole circle (at 0 0) (size 1.5 1.5) (drill 0.7) (layers *.Cu *.Mask)
      (net 5 +3V3))
  )

  (module jumpers:SolderJumper-2_P1.3mm_Bridged_RoundedPad1.0x1.5mm (layer F.Cu) (tedit 5FB6AD54) (tstamp 5FA39AE4)
    (at 80.518 69.342 180)
    (descr "SMD Solder Jumper, 1x1.5mm, rounded Pads, 0.3mm gap, bridged with 1 copper strip")
    (tags "solder jumper open")
    (path /62F6ADC2)
    (zone_connect 1)
    (attr virtual)
    (fp_text reference JP0 (at -1.89 1.7018 180) (layer F.SilkS)
      (effects (font (size 1 1) (thickness 0.15)))
    )
    (fp_text value SolderJumper_2_Bridged (at 0 1.9 180) (layer F.Fab)
      (effects (font (size 1 1) (thickness 0.15)))
    )
    (fp_poly (pts (xy 0.25 -0.3) (xy -0.25 -0.3) (xy -0.25 0.3) (xy 0.25 0.3)) (layer F.Cu) (width 0))
    (fp_line (start 1.65 1.25) (end -1.65 1.25) (layer F.CrtYd) (width 0.05))
    (fp_line (start 1.65 1.25) (end 1.65 -1.25) (layer F.CrtYd) (width 0.05))
    (fp_line (start -1.65 -1.25) (end -1.65 1.25) (layer F.CrtYd) (width 0.05))
    (fp_line (start -1.65 -1.25) (end 1.65 -1.25) (layer F.CrtYd) (width 0.05))
    (pad 2 smd custom (at 0.65 0 180) (size 1 0.5) (layers F.Cu F.Mask)
      (net 2 GNDA) (zone_connect 2)
      (options (clearance outline) (anchor rect))
      (primitives
        (gr_circle (center 0 0.25) (end 0.5 0.25) (width 0))
        (gr_circle (center 0 -0.25) (end 0.5 -0.25) (width 0))
        (gr_poly (pts
           (xy 0 -0.75) (xy -0.5 -0.75) (xy -0.5 0.75) (xy 0 0.75)) (width 0))
      ))
    (pad 1 smd custom (at -0.65 0 180) (size 1 0.5) (layers F.Cu F.Mask)
      (net 6 GNDD) (zone_connect 2)
      (options (clearance outline) (anchor rect))
      (primitives
        (gr_circle (center 0 0.25) (end 0.5 0.25) (width 0))
        (gr_circle (center 0 -0.25) (end 0.5 -0.25) (width 0))
        (gr_poly (pts
           (xy 0 -0.75) (xy 0.5 -0.75) (xy 0.5 0.75) (xy 0 0.75)) (width 0))
      ))
  )

  (module Pin_Headers:Pin_Header_Straight_1x03_Pitch2.54mm (layer F.Cu) (tedit 59650532) (tstamp 5FB40869)
    (at 83.312 106.934 225)
    (descr "Through hole straight pin header, 1x03, 2.54mm pitch, single row")
    (tags "Through hole pin header THT 1x03 2.54mm single row")
    (path /601EA369)
    (fp_text reference J3 (at 2.694077 -0.179605 45) (layer F.SilkS)
      (effects (font (size 1 1) (thickness 0.15)))
    )
    (fp_text value USART3 (at 0 7.41 45) (layer F.Fab)
      (effects (font (size 1 1) (thickness 0.15)))
    )
    (fp_line (start -0.635 -1.27) (end 1.27 -1.27) (layer F.Fab) (width 0.1))
    (fp_line (start 1.27 -1.27) (end 1.27 6.35) (layer F.Fab) (width 0.1))
    (fp_line (start 1.27 6.35) (end -1.27 6.35) (layer F.Fab) (width 0.1))
    (fp_line (start -1.27 6.35) (end -1.27 -0.635) (layer F.Fab) (width 0.1))
    (fp_line (start -1.27 -0.635) (end -0.635 -1.27) (layer F.Fab) (width 0.1))
    (fp_line (start -1.33 6.41) (end 1.33 6.41) (layer F.SilkS) (width 0.12))
    (fp_line (start -1.33 1.27) (end -1.33 6.41) (layer F.SilkS) (width 0.12))
    (fp_line (start 1.33 1.27) (end 1.33 6.41) (layer F.SilkS) (width 0.12))
    (fp_line (start -1.33 1.27) (end 1.33 1.27) (layer F.SilkS) (width 0.12))
    (fp_line (start -1.33 0) (end -1.33 -1.33) (layer F.SilkS) (width 0.12))
    (fp_line (start -1.33 -1.33) (end 0 -1.33) (layer F.SilkS) (width 0.12))
    (fp_line (start -1.8 -1.8) (end -1.8 6.85) (layer F.CrtYd) (width 0.05))
    (fp_line (start -1.8 6.85) (end 1.8 6.85) (layer F.CrtYd) (width 0.05))
    (fp_line (start 1.8 6.85) (end 1.8 -1.8) (layer F.CrtYd) (width 0.05))
    (fp_line (start 1.8 -1.8) (end -1.8 -1.8) (layer F.CrtYd) (width 0.05))
    (fp_text user %R (at 0 2.54 135) (layer F.Fab)
      (effects (font (size 1 1) (thickness 0.15)))
    )
    (pad 3 thru_hole oval (at 0 5.08 225) (size 1.7 1.7) (drill 1) (layers *.Cu *.Mask)
      (net 6 GNDD))
    (pad 2 thru_hole oval (at 0 2.54 225) (size 1.7 1.7) (drill 1) (layers *.Cu *.Mask)
      (net 89 /USART3_TX))
    (pad 1 thru_hole rect (at 0 0 225) (size 1.7 1.7) (drill 1) (layers *.Cu *.Mask)
      (net 90 /USART3_RX))
    (model ${KISYS3DMOD}/Pin_Headers.3dshapes/Pin_Header_Straight_1x03_Pitch2.54mm.wrl
      (at (xyz 0 0 0))
      (scale (xyz 1 1 1))
      (rotate (xyz 0 0 0))
    )
  )

  (module Connectors:RJ45_8 (layer F.Cu) (tedit 5FA652EF) (tstamp 5FA39AD1)
    (at 113.2586 118.2456 90)
    (tags RJ45)
    (path /62FDE2B6/630647B2)
    (fp_text reference J6 (at -4.9644 0.3414 90) (layer F.SilkS)
      (effects (font (size 1 1) (thickness 0.15)))
    )
    (fp_text value 54601-908WPLF (at 4.59 6.25 90) (layer F.Fab)
      (effects (font (size 1 1) (thickness 0.15)))
    )
    (fp_line (start -3.17 14.22) (end 12.07 14.22) (layer F.SilkS) (width 0.12))
    (fp_line (start 12.07 -3.81) (end 12.06 5.18) (layer F.SilkS) (width 0.12))
    (fp_line (start 12.07 -3.81) (end -3.17 -3.81) (layer F.SilkS) (width 0.12))
    (fp_line (start -3.17 -3.81) (end -3.17 5.19) (layer F.SilkS) (width 0.12))
    (fp_line (start 12.06 7.52) (end 12.07 14.22) (layer F.SilkS) (width 0.12))
    (fp_line (start -3.17 7.51) (end -3.17 14.22) (layer F.SilkS) (width 0.12))
    (fp_line (start -3.56 -4.06) (end 12.46 -4.06) (layer F.CrtYd) (width 0.05))
    (fp_line (start -3.56 -4.06) (end -3.56 14.47) (layer F.CrtYd) (width 0.05))
    (fp_line (start 12.46 14.47) (end 12.46 -4.06) (layer F.CrtYd) (width 0.05))
    (fp_line (start 12.46 14.47) (end -3.56 14.47) (layer F.CrtYd) (width 0.05))
    (pad 8 thru_hole circle (at 8.89 -2.54 90) (size 1.5 1.5) (drill 0.9) (layers *.Cu *.Mask)
      (net 52 /RS485/A))
    (pad 7 thru_hole circle (at 7.62 0 90) (size 1.5 1.5) (drill 0.9) (layers *.Cu *.Mask)
      (net 53 /RS485/B))
    (pad 6 thru_hole circle (at 6.35 -2.54 90) (size 1.5 1.5) (drill 0.9) (layers *.Cu *.Mask)
      (net 6 GNDD))
    (pad 5 thru_hole circle (at 5.08 0 90) (size 1.5 1.5) (drill 0.9) (layers *.Cu *.Mask)
      (net 3 +5V))
    (pad 4 thru_hole circle (at 3.81 -2.54 90) (size 1.5 1.5) (drill 0.9) (layers *.Cu *.Mask)
      (net 6 GNDD))
    (pad 3 thru_hole circle (at 2.54 0 90) (size 1.5 1.5) (drill 0.9) (layers *.Cu *.Mask)
      (net 3 +5V))
    (pad 2 thru_hole circle (at 1.27 -2.54 90) (size 1.5 1.5) (drill 0.9) (layers *.Cu *.Mask)
      (net 54 /RS485/Z))
    (pad 1 thru_hole rect (at 0 0 90) (size 1.5 1.5) (drill 0.9) (layers *.Cu *.Mask)
      (net 55 /RS485/Y))
    (pad "" np_thru_hole circle (at -1.27 6.35 90) (size 3.65 3.65) (drill 3.25) (layers *.Cu *.SilkS *.Mask))
    (pad "" np_thru_hole circle (at 10.162 6.35 90) (size 3.65 3.65) (drill 3.25) (layers *.Cu *.SilkS *.Mask))
    (model ${KISYS3DMOD}/Connectors.3dshapes/RJ45_8.wrl
      (offset (xyz 4.571999931335449 -6.349999904632568 0))
      (scale (xyz 0.4 0.4 0.4))
      (rotate (xyz 0 0 0))
    )
  )

  (module Capacitors_SMD:C_0805 (layer F.Cu) (tedit 58AA8463) (tstamp 5FA39571)
    (at 38.084 59.69 180)
    (descr "Capacitor SMD 0805, reflow soldering, AVX (see smccp.pdf)")
    (tags "capacitor 0805")
    (path /5FA7E425/5FB3F5FF)
    (attr smd)
    (fp_text reference C26 (at -3.666 -0.06) (layer F.SilkS)
      (effects (font (size 1 1) (thickness 0.15)))
    )
    (fp_text value 1uF (at 0 1.75) (layer F.Fab)
      (effects (font (size 1 1) (thickness 0.15)))
    )
    (fp_line (start -1 0.62) (end -1 -0.62) (layer F.Fab) (width 0.1))
    (fp_line (start 1 0.62) (end -1 0.62) (layer F.Fab) (width 0.1))
    (fp_line (start 1 -0.62) (end 1 0.62) (layer F.Fab) (width 0.1))
    (fp_line (start -1 -0.62) (end 1 -0.62) (layer F.Fab) (width 0.1))
    (fp_line (start 0.5 -0.85) (end -0.5 -0.85) (layer F.SilkS) (width 0.12))
    (fp_line (start -0.5 0.85) (end 0.5 0.85) (layer F.SilkS) (width 0.12))
    (fp_line (start -1.75 -0.88) (end 1.75 -0.88) (layer F.CrtYd) (width 0.05))
    (fp_line (start -1.75 -0.88) (end -1.75 0.87) (layer F.CrtYd) (width 0.05))
    (fp_line (start 1.75 0.87) (end 1.75 -0.88) (layer F.CrtYd) (width 0.05))
    (fp_line (start 1.75 0.87) (end -1.75 0.87) (layer F.CrtYd) (width 0.05))
    (fp_text user %R (at 0 -1.5) (layer F.Fab)
      (effects (font (size 1 1) (thickness 0.15)))
    )
    (pad 2 smd rect (at 1 0 180) (size 1 1.25) (layers F.Cu F.Paste F.Mask)
      (net 1 +3.3VA))
    (pad 1 smd rect (at -1 0 180) (size 1 1.25) (layers F.Cu F.Paste F.Mask)
      (net 2 GNDA))
    (model Capacitors_SMD.3dshapes/C_0805.wrl
      (at (xyz 0 0 0))
      (scale (xyz 1 1 1))
      (rotate (xyz 0 0 0))
    )
  )

  (module Capacitors_SMD:C_0805 (layer F.Cu) (tedit 58AA8463) (tstamp 5FA39582)
    (at 38.211 120.904 180)
    (descr "Capacitor SMD 0805, reflow soldering, AVX (see smccp.pdf)")
    (tags "capacitor 0805")
    (path /5FA7E425/5FB3F605)
    (attr smd)
    (fp_text reference C27 (at -3.539 -0.096) (layer F.SilkS)
      (effects (font (size 1 1) (thickness 0.15)))
    )
    (fp_text value 1uF (at 0 1.75) (layer F.Fab)
      (effects (font (size 1 1) (thickness 0.15)))
    )
    (fp_line (start 1.75 0.87) (end -1.75 0.87) (layer F.CrtYd) (width 0.05))
    (fp_line (start 1.75 0.87) (end 1.75 -0.88) (layer F.CrtYd) (width 0.05))
    (fp_line (start -1.75 -0.88) (end -1.75 0.87) (layer F.CrtYd) (width 0.05))
    (fp_line (start -1.75 -0.88) (end 1.75 -0.88) (layer F.CrtYd) (width 0.05))
    (fp_line (start -0.5 0.85) (end 0.5 0.85) (layer F.SilkS) (width 0.12))
    (fp_line (start 0.5 -0.85) (end -0.5 -0.85) (layer F.SilkS) (width 0.12))
    (fp_line (start -1 -0.62) (end 1 -0.62) (layer F.Fab) (width 0.1))
    (fp_line (start 1 -0.62) (end 1 0.62) (layer F.Fab) (width 0.1))
    (fp_line (start 1 0.62) (end -1 0.62) (layer F.Fab) (width 0.1))
    (fp_line (start -1 0.62) (end -1 -0.62) (layer F.Fab) (width 0.1))
    (fp_text user %R (at 0 -1.5) (layer F.Fab)
      (effects (font (size 1 1) (thickness 0.15)))
    )
    (pad 1 smd rect (at -1 0 180) (size 1 1.25) (layers F.Cu F.Paste F.Mask)
      (net 2 GNDA))
    (pad 2 smd rect (at 1 0 180) (size 1 1.25) (layers F.Cu F.Paste F.Mask)
      (net 1 +3.3VA))
    (model Capacitors_SMD.3dshapes/C_0805.wrl
      (at (xyz 0 0 0))
      (scale (xyz 1 1 1))
      (rotate (xyz 0 0 0))
    )
  )

  (module Capacitors_SMD:C_0805 (layer F.Cu) (tedit 58AA8463) (tstamp 5FA39593)
    (at 71.12 62.992)
    (descr "Capacitor SMD 0805, reflow soldering, AVX (see smccp.pdf)")
    (tags "capacitor 0805")
    (path /5FA7E425/60593198)
    (zone_connect 1)
    (attr smd)
    (fp_text reference C28 (at -0.889 1.651) (layer F.SilkS)
      (effects (font (size 1 1) (thickness 0.15)))
    )
    (fp_text value 4.7uF (at 0 1.75) (layer F.Fab)
      (effects (font (size 1 1) (thickness 0.15)))
    )
    (fp_line (start 1.75 0.87) (end -1.75 0.87) (layer F.CrtYd) (width 0.05))
    (fp_line (start 1.75 0.87) (end 1.75 -0.88) (layer F.CrtYd) (width 0.05))
    (fp_line (start -1.75 -0.88) (end -1.75 0.87) (layer F.CrtYd) (width 0.05))
    (fp_line (start -1.75 -0.88) (end 1.75 -0.88) (layer F.CrtYd) (width 0.05))
    (fp_line (start -0.5 0.85) (end 0.5 0.85) (layer F.SilkS) (width 0.12))
    (fp_line (start 0.5 -0.85) (end -0.5 -0.85) (layer F.SilkS) (width 0.12))
    (fp_line (start -1 -0.62) (end 1 -0.62) (layer F.Fab) (width 0.1))
    (fp_line (start 1 -0.62) (end 1 0.62) (layer F.Fab) (width 0.1))
    (fp_line (start 1 0.62) (end -1 0.62) (layer F.Fab) (width 0.1))
    (fp_line (start -1 0.62) (end -1 -0.62) (layer F.Fab) (width 0.1))
    (fp_text user %R (at 0 -1.5) (layer F.Fab)
      (effects (font (size 1 1) (thickness 0.15)))
    )
    (pad 1 smd rect (at -1 0) (size 1 1.25) (layers F.Cu F.Paste F.Mask)
      (net 1 +3.3VA) (zone_connect 1))
    (pad 2 smd rect (at 1 0) (size 1 1.25) (layers F.Cu F.Paste F.Mask)
      (net 2 GNDA) (zone_connect 1))
    (model Capacitors_SMD.3dshapes/C_0805.wrl
      (at (xyz 0 0 0))
      (scale (xyz 1 1 1))
      (rotate (xyz 0 0 0))
    )
  )

  (module Capacitors_SMD:C_0805 (layer F.Cu) (tedit 58AA8463) (tstamp 5FA395A4)
    (at 74.93 62.992 180)
    (descr "Capacitor SMD 0805, reflow soldering, AVX (see smccp.pdf)")
    (tags "capacitor 0805")
    (path /5FA7E425/60593192)
    (zone_connect 1)
    (attr smd)
    (fp_text reference C29 (at -3.3995 -0.04) (layer F.SilkS)
      (effects (font (size 1 1) (thickness 0.15)))
    )
    (fp_text value 4.7uF (at 0 1.75) (layer F.Fab)
      (effects (font (size 1 1) (thickness 0.15)))
    )
    (fp_line (start -1 0.62) (end -1 -0.62) (layer F.Fab) (width 0.1))
    (fp_line (start 1 0.62) (end -1 0.62) (layer F.Fab) (width 0.1))
    (fp_line (start 1 -0.62) (end 1 0.62) (layer F.Fab) (width 0.1))
    (fp_line (start -1 -0.62) (end 1 -0.62) (layer F.Fab) (width 0.1))
    (fp_line (start 0.5 -0.85) (end -0.5 -0.85) (layer F.SilkS) (width 0.12))
    (fp_line (start -0.5 0.85) (end 0.5 0.85) (layer F.SilkS) (width 0.12))
    (fp_line (start -1.75 -0.88) (end 1.75 -0.88) (layer F.CrtYd) (width 0.05))
    (fp_line (start -1.75 -0.88) (end -1.75 0.87) (layer F.CrtYd) (width 0.05))
    (fp_line (start 1.75 0.87) (end 1.75 -0.88) (layer F.CrtYd) (width 0.05))
    (fp_line (start 1.75 0.87) (end -1.75 0.87) (layer F.CrtYd) (width 0.05))
    (fp_text user %R (at 0 -1.5) (layer F.Fab)
      (effects (font (size 1 1) (thickness 0.15)))
    )
    (pad 2 smd rect (at 1 0 180) (size 1 1.25) (layers F.Cu F.Paste F.Mask)
      (net 2 GNDA) (zone_connect 1))
    (pad 1 smd rect (at -1 0 180) (size 1 1.25) (layers F.Cu F.Paste F.Mask)
      (net 3 +5V) (zone_connect 1))
    (model Capacitors_SMD.3dshapes/C_0805.wrl
      (at (xyz 0 0 0))
      (scale (xyz 1 1 1))
      (rotate (xyz 0 0 0))
    )
  )

  (module Capacitors_SMD:C_0805 (layer F.Cu) (tedit 58AA8463) (tstamp 5FA395C6)
    (at 75.3745 87.0585 225)
    (descr "Capacitor SMD 0805, reflow soldering, AVX (see smccp.pdf)")
    (tags "capacitor 0805")
    (path /6045586D)
    (attr smd)
    (fp_text reference C32 (at 1.107329 -1.638366 45) (layer F.SilkS)
      (effects (font (size 1 1) (thickness 0.15)))
    )
    (fp_text value DC33 (at 0 1.75 45) (layer F.Fab)
      (effects (font (size 1 1) (thickness 0.15)))
    )
    (fp_line (start -1 0.62) (end -1 -0.62) (layer F.Fab) (width 0.1))
    (fp_line (start 1 0.62) (end -1 0.62) (layer F.Fab) (width 0.1))
    (fp_line (start 1 -0.62) (end 1 0.62) (layer F.Fab) (width 0.1))
    (fp_line (start -1 -0.62) (end 1 -0.62) (layer F.Fab) (width 0.1))
    (fp_line (start 0.5 -0.85) (end -0.5 -0.85) (layer F.SilkS) (width 0.12))
    (fp_line (start -0.5 0.85) (end 0.5 0.85) (layer F.SilkS) (width 0.12))
    (fp_line (start -1.75 -0.88) (end 1.75 -0.88) (layer F.CrtYd) (width 0.05))
    (fp_line (start -1.75 -0.88) (end -1.75 0.87) (layer F.CrtYd) (width 0.05))
    (fp_line (start 1.75 0.87) (end 1.75 -0.88) (layer F.CrtYd) (width 0.05))
    (fp_line (start 1.75 0.87) (end -1.75 0.87) (layer F.CrtYd) (width 0.05))
    (fp_text user %R (at 0 -1.5 45) (layer F.Fab)
      (effects (font (size 1 1) (thickness 0.15)))
    )
    (pad 2 smd rect (at 1 0 225) (size 1 1.25) (layers F.Cu F.Paste F.Mask)
      (net 2 GNDA))
    (pad 1 smd rect (at -1 0 225) (size 1 1.25) (layers F.Cu F.Paste F.Mask)
      (net 1 +3.3VA))
    (model Capacitors_SMD.3dshapes/C_0805.wrl
      (at (xyz 0 0 0))
      (scale (xyz 1 1 1))
      (rotate (xyz 0 0 0))
    )
  )

  (module Capacitors_SMD:C_0805 (layer F.Cu) (tedit 5FAF9536) (tstamp 5FA395D7)
    (at 89.1148 70.705 180)
    (descr "Capacitor SMD 0805, reflow soldering, AVX (see smccp.pdf)")
    (tags "capacitor 0805")
    (path /5FA0D3BE)
    (attr smd)
    (fp_text reference C33 (at 0.0548 1.595) (layer F.SilkS)
      (effects (font (size 1 1) (thickness 0.15)))
    )
    (fp_text value 4.7uF (at 0 1.75) (layer F.Fab)
      (effects (font (size 1 1) (thickness 0.15)))
    )
    (fp_line (start 1.75 0.87) (end -1.75 0.87) (layer F.CrtYd) (width 0.05))
    (fp_line (start 1.75 0.87) (end 1.75 -0.88) (layer F.CrtYd) (width 0.05))
    (fp_line (start -1.75 -0.88) (end -1.75 0.87) (layer F.CrtYd) (width 0.05))
    (fp_line (start -1.75 -0.88) (end 1.75 -0.88) (layer F.CrtYd) (width 0.05))
    (fp_line (start -0.5 0.85) (end 0.5 0.85) (layer F.SilkS) (width 0.12))
    (fp_line (start 0.5 -0.85) (end -0.5 -0.85) (layer F.SilkS) (width 0.12))
    (fp_line (start -1 -0.62) (end 1 -0.62) (layer F.Fab) (width 0.1))
    (fp_line (start 1 -0.62) (end 1 0.62) (layer F.Fab) (width 0.1))
    (fp_line (start 1 0.62) (end -1 0.62) (layer F.Fab) (width 0.1))
    (fp_line (start -1 0.62) (end -1 -0.62) (layer F.Fab) (width 0.1))
    (fp_text user %R (at 0 -1.5) (layer F.Fab)
      (effects (font (size 1 1) (thickness 0.15)))
    )
    (pad 1 smd rect (at -1 0 180) (size 1 1.25) (layers F.Cu F.Paste F.Mask)
      (net 5 +3V3))
    (pad 2 smd rect (at 1 0 180) (size 1 1.25) (layers F.Cu F.Paste F.Mask)
      (net 6 GNDD) (zone_connect 1))
    (model Capacitors_SMD.3dshapes/C_0805.wrl
      (at (xyz 0 0 0))
      (scale (xyz 1 1 1))
      (rotate (xyz 0 0 0))
    )
  )

  (module Capacitors_SMD:C_0805 (layer F.Cu) (tedit 5FAF952C) (tstamp 5FA395E8)
    (at 86.614 74.676 135)
    (descr "Capacitor SMD 0805, reflow soldering, AVX (see smccp.pdf)")
    (tags "capacitor 0805")
    (path /5F9B505D)
    (attr smd)
    (fp_text reference C34 (at 0 -1.5 135) (layer F.SilkS)
      (effects (font (size 1 1) (thickness 0.15)))
    )
    (fp_text value DC6 (at 0 1.75 135) (layer F.Fab)
      (effects (font (size 1 1) (thickness 0.15)))
    )
    (fp_line (start -1 0.62) (end -1 -0.62) (layer F.Fab) (width 0.1))
    (fp_line (start 1 0.62) (end -1 0.62) (layer F.Fab) (width 0.1))
    (fp_line (start 1 -0.62) (end 1 0.62) (layer F.Fab) (width 0.1))
    (fp_line (start -1 -0.62) (end 1 -0.62) (layer F.Fab) (width 0.1))
    (fp_line (start 0.5 -0.85) (end -0.5 -0.85) (layer F.SilkS) (width 0.12))
    (fp_line (start -0.5 0.85) (end 0.5 0.85) (layer F.SilkS) (width 0.12))
    (fp_line (start -1.75 -0.88) (end 1.75 -0.88) (layer F.CrtYd) (width 0.05))
    (fp_line (start -1.75 -0.88) (end -1.75 0.87) (layer F.CrtYd) (width 0.05))
    (fp_line (start 1.75 0.87) (end 1.75 -0.88) (layer F.CrtYd) (width 0.05))
    (fp_line (start 1.75 0.87) (end -1.75 0.87) (layer F.CrtYd) (width 0.05))
    (fp_text user %R (at 0 -1.5 135) (layer F.Fab)
      (effects (font (size 1 1) (thickness 0.15)))
    )
    (pad 2 smd rect (at 1 0 135) (size 1 1.25) (layers F.Cu F.Paste F.Mask)
      (net 6 GNDD) (zone_connect 1))
    (pad 1 smd rect (at -1 0 135) (size 1 1.25) (layers F.Cu F.Paste F.Mask)
      (net 5 +3V3))
    (model Capacitors_SMD.3dshapes/C_0805.wrl
      (at (xyz 0 0 0))
      (scale (xyz 1 1 1))
      (rotate (xyz 0 0 0))
    )
  )

  (module Capacitors_SMD:C_0805 (layer F.Cu) (tedit 58AA8463) (tstamp 5FA395F9)
    (at 82.2325 79.3623 180)
    (descr "Capacitor SMD 0805, reflow soldering, AVX (see smccp.pdf)")
    (tags "capacitor 0805")
    (path /5F9B857A)
    (attr smd)
    (fp_text reference C35 (at 1.7325 1.8623) (layer F.SilkS)
      (effects (font (size 1 1) (thickness 0.15)))
    )
    (fp_text value DC17 (at 0 1.75) (layer F.Fab)
      (effects (font (size 1 1) (thickness 0.15)))
    )
    (fp_line (start 1.75 0.87) (end -1.75 0.87) (layer F.CrtYd) (width 0.05))
    (fp_line (start 1.75 0.87) (end 1.75 -0.88) (layer F.CrtYd) (width 0.05))
    (fp_line (start -1.75 -0.88) (end -1.75 0.87) (layer F.CrtYd) (width 0.05))
    (fp_line (start -1.75 -0.88) (end 1.75 -0.88) (layer F.CrtYd) (width 0.05))
    (fp_line (start -0.5 0.85) (end 0.5 0.85) (layer F.SilkS) (width 0.12))
    (fp_line (start 0.5 -0.85) (end -0.5 -0.85) (layer F.SilkS) (width 0.12))
    (fp_line (start -1 -0.62) (end 1 -0.62) (layer F.Fab) (width 0.1))
    (fp_line (start 1 -0.62) (end 1 0.62) (layer F.Fab) (width 0.1))
    (fp_line (start 1 0.62) (end -1 0.62) (layer F.Fab) (width 0.1))
    (fp_line (start -1 0.62) (end -1 -0.62) (layer F.Fab) (width 0.1))
    (fp_text user %R (at 0 -1.5) (layer F.Fab)
      (effects (font (size 1 1) (thickness 0.15)))
    )
    (pad 1 smd rect (at -1 0 180) (size 1 1.25) (layers F.Cu F.Paste F.Mask)
      (net 5 +3V3))
    (pad 2 smd rect (at 1 0 180) (size 1 1.25) (layers F.Cu F.Paste F.Mask)
      (net 6 GNDD))
    (model Capacitors_SMD.3dshapes/C_0805.wrl
      (at (xyz 0 0 0))
      (scale (xyz 1 1 1))
      (rotate (xyz 0 0 0))
    )
  )

  (module Capacitors_SMD:C_0805 (layer F.Cu) (tedit 58AA8463) (tstamp 5FA3960A)
    (at 77.867 83.5025 180)
    (descr "Capacitor SMD 0805, reflow soldering, AVX (see smccp.pdf)")
    (tags "capacitor 0805")
    (path /5F9B8F64)
    (attr smd)
    (fp_text reference C36 (at 0 1.7525) (layer F.SilkS)
      (effects (font (size 1 1) (thickness 0.15)))
    )
    (fp_text value DC30 (at 0 1.75) (layer F.Fab)
      (effects (font (size 1 1) (thickness 0.15)))
    )
    (fp_line (start -1 0.62) (end -1 -0.62) (layer F.Fab) (width 0.1))
    (fp_line (start 1 0.62) (end -1 0.62) (layer F.Fab) (width 0.1))
    (fp_line (start 1 -0.62) (end 1 0.62) (layer F.Fab) (width 0.1))
    (fp_line (start -1 -0.62) (end 1 -0.62) (layer F.Fab) (width 0.1))
    (fp_line (start 0.5 -0.85) (end -0.5 -0.85) (layer F.SilkS) (width 0.12))
    (fp_line (start -0.5 0.85) (end 0.5 0.85) (layer F.SilkS) (width 0.12))
    (fp_line (start -1.75 -0.88) (end 1.75 -0.88) (layer F.CrtYd) (width 0.05))
    (fp_line (start -1.75 -0.88) (end -1.75 0.87) (layer F.CrtYd) (width 0.05))
    (fp_line (start 1.75 0.87) (end 1.75 -0.88) (layer F.CrtYd) (width 0.05))
    (fp_line (start 1.75 0.87) (end -1.75 0.87) (layer F.CrtYd) (width 0.05))
    (fp_text user %R (at 0 -1.5) (layer F.Fab)
      (effects (font (size 1 1) (thickness 0.15)))
    )
    (pad 2 smd rect (at 1 0 180) (size 1 1.25) (layers F.Cu F.Paste F.Mask)
      (net 6 GNDD))
    (pad 1 smd rect (at -1 0 180) (size 1 1.25) (layers F.Cu F.Paste F.Mask)
      (net 5 +3V3))
    (model Capacitors_SMD.3dshapes/C_0805.wrl
      (at (xyz 0 0 0))
      (scale (xyz 1 1 1))
      (rotate (xyz 0 0 0))
    )
  )

  (module Capacitors_SMD:C_0805 (layer F.Cu) (tedit 58AA8463) (tstamp 5FA3961B)
    (at 76.454 91.7575 135)
    (descr "Capacitor SMD 0805, reflow soldering, AVX (see smccp.pdf)")
    (tags "capacitor 0805")
    (path /5F9B99EA)
    (attr smd)
    (fp_text reference C37 (at -0.911107 -1.906713 135) (layer F.SilkS)
      (effects (font (size 1 1) (thickness 0.15)))
    )
    (fp_text value DC39 (at 0 1.75 135) (layer F.Fab)
      (effects (font (size 1 1) (thickness 0.15)))
    )
    (fp_line (start 1.75 0.87) (end -1.75 0.87) (layer F.CrtYd) (width 0.05))
    (fp_line (start 1.75 0.87) (end 1.75 -0.88) (layer F.CrtYd) (width 0.05))
    (fp_line (start -1.75 -0.88) (end -1.75 0.87) (layer F.CrtYd) (width 0.05))
    (fp_line (start -1.75 -0.88) (end 1.75 -0.88) (layer F.CrtYd) (width 0.05))
    (fp_line (start -0.5 0.85) (end 0.5 0.85) (layer F.SilkS) (width 0.12))
    (fp_line (start 0.5 -0.85) (end -0.5 -0.85) (layer F.SilkS) (width 0.12))
    (fp_line (start -1 -0.62) (end 1 -0.62) (layer F.Fab) (width 0.1))
    (fp_line (start 1 -0.62) (end 1 0.62) (layer F.Fab) (width 0.1))
    (fp_line (start 1 0.62) (end -1 0.62) (layer F.Fab) (width 0.1))
    (fp_line (start -1 0.62) (end -1 -0.62) (layer F.Fab) (width 0.1))
    (fp_text user %R (at 0 -1.5 135) (layer F.Fab)
      (effects (font (size 1 1) (thickness 0.15)))
    )
    (pad 1 smd rect (at -1 0 135) (size 1 1.25) (layers F.Cu F.Paste F.Mask)
      (net 5 +3V3))
    (pad 2 smd rect (at 1 0 135) (size 1 1.25) (layers F.Cu F.Paste F.Mask)
      (net 6 GNDD))
    (model Capacitors_SMD.3dshapes/C_0805.wrl
      (at (xyz 0 0 0))
      (scale (xyz 1 1 1))
      (rotate (xyz 0 0 0))
    )
  )

  (module Capacitors_SMD:C_0805 (layer F.Cu) (tedit 5FAF95FD) (tstamp 5FA3962C)
    (at 81.8515 97.0915 135)
    (descr "Capacitor SMD 0805, reflow soldering, AVX (see smccp.pdf)")
    (tags "capacitor 0805")
    (path /5F9BA58E)
    (attr smd)
    (fp_text reference C38 (at 0 -1.5 135) (layer F.SilkS)
      (effects (font (size 1 1) (thickness 0.15)))
    )
    (fp_text value DC52 (at 0 1.75 135) (layer F.Fab)
      (effects (font (size 1 1) (thickness 0.15)))
    )
    (fp_line (start -1 0.62) (end -1 -0.62) (layer F.Fab) (width 0.1))
    (fp_line (start 1 0.62) (end -1 0.62) (layer F.Fab) (width 0.1))
    (fp_line (start 1 -0.62) (end 1 0.62) (layer F.Fab) (width 0.1))
    (fp_line (start -1 -0.62) (end 1 -0.62) (layer F.Fab) (width 0.1))
    (fp_line (start 0.5 -0.85) (end -0.5 -0.85) (layer F.SilkS) (width 0.12))
    (fp_line (start -0.5 0.85) (end 0.5 0.85) (layer F.SilkS) (width 0.12))
    (fp_line (start -1.75 -0.88) (end 1.75 -0.88) (layer F.CrtYd) (width 0.05))
    (fp_line (start -1.75 -0.88) (end -1.75 0.87) (layer F.CrtYd) (width 0.05))
    (fp_line (start 1.75 0.87) (end 1.75 -0.88) (layer F.CrtYd) (width 0.05))
    (fp_line (start 1.75 0.87) (end -1.75 0.87) (layer F.CrtYd) (width 0.05))
    (fp_text user %R (at 0 -1.5 135) (layer F.Fab)
      (effects (font (size 1 1) (thickness 0.15)))
    )
    (pad 2 smd rect (at 1 0 135) (size 1 1.25) (layers F.Cu F.Paste F.Mask)
      (net 6 GNDD) (zone_connect 1))
    (pad 1 smd rect (at -1 0 135) (size 1 1.25) (layers F.Cu F.Paste F.Mask)
      (net 5 +3V3))
    (model Capacitors_SMD.3dshapes/C_0805.wrl
      (at (xyz 0 0 0))
      (scale (xyz 1 1 1))
      (rotate (xyz 0 0 0))
    )
  )

  (module Capacitors_SMD:C_0805 (layer F.Cu) (tedit 5FAF95E6) (tstamp 5FA3963D)
    (at 85.471 100.6475 135)
    (descr "Capacitor SMD 0805, reflow soldering, AVX (see smccp.pdf)")
    (tags "capacitor 0805")
    (path /5F9BADF1)
    (attr smd)
    (fp_text reference C39 (at 0 -1.5 135) (layer F.SilkS)
      (effects (font (size 1 1) (thickness 0.15)))
    )
    (fp_text value DC62 (at 0 1.75 135) (layer F.Fab)
      (effects (font (size 1 1) (thickness 0.15)))
    )
    (fp_line (start 1.75 0.87) (end -1.75 0.87) (layer F.CrtYd) (width 0.05))
    (fp_line (start 1.75 0.87) (end 1.75 -0.88) (layer F.CrtYd) (width 0.05))
    (fp_line (start -1.75 -0.88) (end -1.75 0.87) (layer F.CrtYd) (width 0.05))
    (fp_line (start -1.75 -0.88) (end 1.75 -0.88) (layer F.CrtYd) (width 0.05))
    (fp_line (start -0.5 0.85) (end 0.5 0.85) (layer F.SilkS) (width 0.12))
    (fp_line (start 0.5 -0.85) (end -0.5 -0.85) (layer F.SilkS) (width 0.12))
    (fp_line (start -1 -0.62) (end 1 -0.62) (layer F.Fab) (width 0.1))
    (fp_line (start 1 -0.62) (end 1 0.62) (layer F.Fab) (width 0.1))
    (fp_line (start 1 0.62) (end -1 0.62) (layer F.Fab) (width 0.1))
    (fp_line (start -1 0.62) (end -1 -0.62) (layer F.Fab) (width 0.1))
    (fp_text user %R (at 0 -1.5 135) (layer F.Fab)
      (effects (font (size 1 1) (thickness 0.15)))
    )
    (pad 1 smd rect (at -1 0 135) (size 1 1.25) (layers F.Cu F.Paste F.Mask)
      (net 5 +3V3))
    (pad 2 smd rect (at 1 0 135) (size 1 1.25) (layers F.Cu F.Paste F.Mask)
      (net 6 GNDD) (zone_connect 1))
    (model Capacitors_SMD.3dshapes/C_0805.wrl
      (at (xyz 0 0 0))
      (scale (xyz 1 1 1))
      (rotate (xyz 0 0 0))
    )
  )

  (module Capacitors_SMD:C_0805 (layer F.Cu) (tedit 5FAF95F4) (tstamp 5FA3964E)
    (at 91.059 106.172 315)
    (descr "Capacitor SMD 0805, reflow soldering, AVX (see smccp.pdf)")
    (tags "capacitor 0805")
    (path /5F9BADFB)
    (attr smd)
    (fp_text reference C40 (at 1.167433 1.706249 135) (layer F.SilkS)
      (effects (font (size 1 1) (thickness 0.15)))
    )
    (fp_text value DC72 (at 0 1.75 135) (layer F.Fab)
      (effects (font (size 1 1) (thickness 0.15)))
    )
    (fp_line (start -1 0.62) (end -1 -0.62) (layer F.Fab) (width 0.1))
    (fp_line (start 1 0.62) (end -1 0.62) (layer F.Fab) (width 0.1))
    (fp_line (start 1 -0.62) (end 1 0.62) (layer F.Fab) (width 0.1))
    (fp_line (start -1 -0.62) (end 1 -0.62) (layer F.Fab) (width 0.1))
    (fp_line (start 0.5 -0.85) (end -0.5 -0.85) (layer F.SilkS) (width 0.12))
    (fp_line (start -0.5 0.85) (end 0.5 0.85) (layer F.SilkS) (width 0.12))
    (fp_line (start -1.75 -0.88) (end 1.75 -0.88) (layer F.CrtYd) (width 0.05))
    (fp_line (start -1.75 -0.88) (end -1.75 0.87) (layer F.CrtYd) (width 0.05))
    (fp_line (start 1.75 0.87) (end 1.75 -0.88) (layer F.CrtYd) (width 0.05))
    (fp_line (start 1.75 0.87) (end -1.75 0.87) (layer F.CrtYd) (width 0.05))
    (fp_text user %R (at 0 -1.5 135) (layer F.Fab)
      (effects (font (size 1 1) (thickness 0.15)))
    )
    (pad 2 smd rect (at 1 0 315) (size 1 1.25) (layers F.Cu F.Paste F.Mask)
      (net 6 GNDD) (zone_connect 1))
    (pad 1 smd rect (at -1 0 315) (size 1 1.25) (layers F.Cu F.Paste F.Mask)
      (net 5 +3V3))
    (model Capacitors_SMD.3dshapes/C_0805.wrl
      (at (xyz 0 0 0))
      (scale (xyz 1 1 1))
      (rotate (xyz 0 0 0))
    )
  )

  (module Capacitors_SMD:C_0805 (layer F.Cu) (tedit 5FAF95DC) (tstamp 5FA3965F)
    (at 98.860893 100.529107 225)
    (descr "Capacitor SMD 0805, reflow soldering, AVX (see smccp.pdf)")
    (tags "capacitor 0805")
    (path /5F9BAE05)
    (attr smd)
    (fp_text reference C41 (at 0 -1.5 45) (layer F.SilkS)
      (effects (font (size 1 1) (thickness 0.15)))
    )
    (fp_text value DC84 (at 0 1.75 45) (layer F.Fab)
      (effects (font (size 1 1) (thickness 0.15)))
    )
    (fp_line (start 1.75 0.87) (end -1.75 0.87) (layer F.CrtYd) (width 0.05))
    (fp_line (start 1.75 0.87) (end 1.75 -0.88) (layer F.CrtYd) (width 0.05))
    (fp_line (start -1.75 -0.88) (end -1.75 0.87) (layer F.CrtYd) (width 0.05))
    (fp_line (start -1.75 -0.88) (end 1.75 -0.88) (layer F.CrtYd) (width 0.05))
    (fp_line (start -0.5 0.85) (end 0.5 0.85) (layer F.SilkS) (width 0.12))
    (fp_line (start 0.5 -0.85) (end -0.5 -0.85) (layer F.SilkS) (width 0.12))
